id,user_id,timestamp_micros
0,51,447
1,45,-1078
2,94,11041
3,45,-1162
4,20,-7441
5,5,-11192
6,59,2400
7,16,-8424
8,99,12365
9,5,-11234
10,42,-1927
11,23,-6684
12,94,11243
13,47,-736
14,54,1228
15,7,-10514
16,62,3117
17,29,-5126
18,4,-11480
19,1,-12224
20,90,10148
21,0,-12302
22,49,-244
23,28,-5428
24,74,6146
25,3,-11720
26,16,-8432
27,29,-5066
28,76,6678
29,0,-12466
30,87,9484
31,86,9036
32,42,-1881
33,5,-11242
34,86,9173
35,68,4542
36,15,-8717
37,72,5504
38,75,6261
39,8,-10500
40,83,8418
41,1,-12146
42,80,7746
43,4,-11330
44,51,370
45,45,-1168
46,30,-4976
47,29,-5074
48,74,6090
49,69,4976
50,82,8214
51,23,-6638
52,83,8339
53,97,11926
54,81,7981
55,2,-11982
56,99,12377
57,5,-11060
58,36,-3367
59,22,-6762
60,66,4187
61,24,-6416
62,60,2533
63,18,-7760
64,66,4145
65,53,948
66,20,-7499
67,13,-9172
68,29,-5160
69,91,10424
70,12,-9390
71,22,-6782
72,95,11407
73,97,11930
74,88,9749
75,25,-6224
76,80,7515
77,38,-2974
78,52,737
79,69,4782
80,60,2734
81,10,-9922
82,15,-8555
83,78,7046
84,63,3395
85,51,366
86,28,-5298
87,61,2772
88,64,3682
89,96,11618
90,56,1706
91,42,-1792
92,44,-1487
93,35,-3688
94,71,5429
95,1,-12112
96,28,-5329
97,7,-10588
98,9,-10074
99,38,-2766
100,49,-126
101,76,6576
102,92,10666
103,60,2706
104,98,12049
105,3,-11540
106,72,5636
107,55,1382
108,64,3711
109,53,794
110,82,8245
111,1,-12130
112,91,10493
113,66,4178
114,74,6194
115,74,6174
116,34,-3898
117,0,-12429
118,4,-11308
119,44,-1436
120,45,-1121
121,59,2458
122,64,3586
123,3,-11534
124,73,5915
125,5,-11092
126,2,-11999
127,50,88
128,86,9238
129,9,-10174
130,54,1117
131,0,-12443
132,40,-2283
133,56,1526
134,95,11446
135,6,-10858
136,44,-1423
137,26,-5982
138,37,-3203
139,5,-11216
140,93,10891
141,15,-8588
142,46,-770
143,32,-4436
144,49,-92
145,87,9288
146,1,-12107
147,4,-11448
148,96,11639
149,8,-10446
150,51,294
151,86,9020
152,33,-4086
153,5,-11120
154,99,12472
155,52,606
156,88,9531
157,0,-12318
158,29,-5248
159,32,-4362
160,86,9095
161,7,-10750
162,99,12432
163,44,-1424
164,21,-7117
165,0,-12458
166,35,-3667
167,78,7194
168,36,-3259
169,25,-6196
170,91,10402
171,48,-286
172,59,2294
173,5,-11010
174,63,3306
175,12,-9382
176,43,-1745
177,96,11690
178,74,6048
179,47,-690
180,52,557
181,3,-11564
182,96,11638
183,0,-12436
184,71,5471
185,3,-11546
186,0,-12498
187,6,-10930
188,99,12466
189,14,-8986
190,83,8365
191,78,7086
192,45,-1161
193,2,-11944
194,30,-4827
195,20,-7338
196,31,-4558
197,54,1046
198,72,5728
199,14,-8912
200,16,-8302
201,0,-12272
202,60,2594
203,75,6360
204,85,8865
205,58,2154
206,54,1145
207,65,3884
208,72,5655
209,6,-10760
210,48,-394
211,20,-7448
212,63,3487
213,2,-11776
214,59,2493
215,5,-11154
216,33,-4003
217,22,-6988
218,94,11030
219,11,-9542
220,90,10235
221,34,-3788
222,60,2705
223,13,-9140
224,40,-2289
225,19,-7604
226,63,3269
227,75,6302
228,5,-11159
229,79,7352
230,25,-6166
231,6,-10836
232,80,7527
233,32,-4464
234,72,5672
235,0,-12435
236,79,7371
237,54,1160
238,83,8425
239,85,8990
240,30,-4911
241,0,-12309
242,18,-7820
243,0,-12486
244,87,9266
245,21,-7126
246,17,-8204
247,0,-12357
248,9,-10075
249,81,7752
250,68,4589
251,46,-938
252,97,11857
253,8,-10354
254,42,-1843
255,0,-12261
256,53,981
257,0,-12289
258,67,4472
259,4,-11376
260,88,9514
261,91,10430
262,61,2878
263,6,-10798
264,46,-929
265,85,8802
266,11,-9575
267,40,-2326
268,92,10747
269,73,5808
270,13,-9175
271,67,4344
272,93,10792
273,33,-4144
274,38,-2787
275,0,-12287
276,75,6462
277,27,-5686
278,13,-9024
279,63,3264
280,89,9825
281,91,10458
282,10,-9803
283,0,-12278
284,95,11413
285,18,-7872
286,10,-9816
287,35,-3518
288,91,10404
289,44,-1314
290,78,7041
291,17,-8104
292,97,11911
293,74,6136
294,83,8260
295,42,-1882
296,69,4869
297,84,8526
298,50,177
299,74,6094
300,94,11231
301,2,-11878
302,38,-2967
303,22,-6896
304,35,-3554
305,19,-7706
306,42,-1939
307,36,-3496
308,57,1807
309,43,-1704
310,44,-1279
311,14,-8940
312,68,4666
313,6,-10894
314,42,-1798
315,1,-12098
316,79,7476
317,44,-1466
318,86,9017
319,97,11994
320,92,10689
321,38,-2854
322,12,-9394
323,0,-12368
324,69,4846
325,72,5738
326,36,-3324
327,30,-4790
328,35,-3515
329,63,3254
330,38,-2763
331,49,-158
332,98,12171
333,0,-12351
334,7,-10643
335,73,5866
336,89,9911
337,16,-8418
338,78,7148
339,3,-11608
340,85,8755
341,6,-10804
342,3,-11522
343,27,-5502
344,49,-39
345,20,-7446
346,42,-1942
347,38,-2880
348,89,9853
349,3,-11618
350,30,-4920
351,1,-12245
352,50,148
353,22,-6954
354,5,-11030
355,28,-5356
356,63,3407
357,53,826
358,94,11218
359,76,6604
360,61,2909
361,35,-3654
362,11,-9727
363,49,-164
364,95,11465
365,5,-11218
366,45,-1003
367,12,-9322
368,87,9279
369,4,-11334
370,2,-11763
371,23,-6606
372,86,9235
373,19,-7608
374,91,10345
375,6,-10772
376,22,-6998
377,0,-12298
378,54,1168
379,98,12164
380,90,10203
381,19,-7550
382,85,8860
383,53,890
384,42,-1817
385,26,-5894
386,27,-5539
387,84,8746
388,80,7631
389,3,-11730
390,88,9513
391,24,-6332
392,63,3389
393,17,-8052
394,48,-288
395,1,-12237
396,72,5561
397,6,-10924
398,26,-5798
399,61,2938
400,82,8060
401,0,-12283
402,47,-507
403,14,-8968
404,77,6762
405,0,-12359
406,44,-1354
407,4,-11350
408,34,-3828
409,21,-7044
410,89,9756
411,62,3078
412,92,10715
413,15,-8526
414,54,1233
415,1,-12133
416,68,4519
417,2,-11946
418,99,12496
419,30,-4896
420,85,8922
421,85,8974
422,23,-6548
423,1,-12189
424,81,7998
425,35,-3750
426,79,7253
427,3,-11512
428,95,11291
429,9,-10064
430,57,1905
431,8,-10394
432,83,8327
433,33,-4056
434,90,10189
435,6,-10780
436,92,10641
437,1,-12191
438,83,8410
439,96,11676
440,35,-3703
441,52,642
442,19,-7703
443,12,-9498
444,31,-4613
445,0,-12251
446,52,688
447,11,-9712
448,65,3823
449,73,5754
450,72,5628
451,19,-7544
452,61,2883
453,72,5664
454,66,4036
455,59,2262
456,98,12102
457,9,-10230
458,79,7377
459,1,-12213
460,70,5187
461,27,-5720
462,36,-3460
463,17,-8100
464,59,2367
465,16,-8254
466,9,-10167
467,0,-12380
468,59,2359
469,22,-6766
470,25,-6199
471,76,6638
472,88,9591
473,2,-11762
474,59,2416
475,4,-11488
476,46,-947
477,56,1612
478,94,11016
479,16,-8492
480,21,-7231
481,13,-9084
482,22,-6944
483,13,-9090
484,64,3677
485,11,-9508
486,66,4116
487,22,-6930
488,81,7959
489,8,-10458
490,70,5133
491,17,-8250
492,92,10699
493,89,9840
494,43,-1619
495,1,-12103
496,99,12415
497,39,-2668
498,1,-12127
499,0,-12312
500,48,-301
501,4,-11266
502,47,-614
503,38,-2878
504,38,-2935
505,56,1688
506,27,-5731
507,5,-11070
508,33,-4097
509,23,-6640
510,84,8557
511,98,12152
512,11,-9707
513,61,2756
514,80,7673
515,2,-11770
516,15,-8667
517,0,-12349
518,53,949
519,92,10710
520,69,4889
521,23,-6502
522,61,2974
523,79,7436
524,76,6707
525,80,7508
526,43,-1584
527,8,-10360
528,85,8989
529,44,-1426
530,10,-9783
531,31,-4568
532,61,2963
533,22,-6854
534,38,-2943
535,0,-12337
536,49,-105
537,15,-8632
538,34,-3756
539,22,-6826
540,41,-2181
541,89,9760
542,14,-8812
543,13,-9072
544,4,-11374
545,89,9906
546,98,12053
547,1,-12238
548,88,9694
549,2,-11786
550,81,7890
551,13,-9144
552,88,9543
553,69,4792
554,7,-10532
555,94,11236
556,84,8539
557,6,-10826
558,59,2486
559,22,-6884
560,62,3041
561,50,62
562,30,-4796
563,77,6962
564,23,-6507
565,5,-11202
566,28,-5371
567,2,-11981
568,78,7071
569,31,-4538
570,65,3868
571,59,2292
572,47,-645
573,34,-3892
574,47,-582
575,23,-6732
576,75,6383
577,25,-6158
578,43,-1726
579,83,8478
580,62,3009
581,27,-5564
582,63,3369
583,7,-10712
584,78,7116
585,65,3976
586,28,-5382
587,13,-9042
588,63,3333
589,0,-12479
590,11,-9708
591,91,10372
592,66,4030
593,28,-5256
594,71,5349
595,56,1516
596,34,-3983
597,10,-9832
598,12,-9342
599,54,1040
600,12,-9465
601,49,-6
602,93,10905
603,95,11262
604,86,9154
605,75,6436
606,54,1053
607,15,-8638
608,47,-547
609,1,-12006
610,37,-3195
611,14,-8794
612,29,-5176
613,11,-9696
614,91,10260
615,2,-11961
616,76,6503
617,80,7658
618,84,8716
619,36,-3330
620,74,6234
621,75,6270
622,70,5037
623,48,-282
624,15,-8742
625,94,11240
626,66,4141
627,7,-10626
628,32,-4360
629,29,-5042
630,82,8046
631,9,-10078
632,93,10836
633,18,-7830
634,74,6160
635,89,9794
636,95,11379
637,20,-7434
638,83,8293
639,45,-1082
640,32,-4378
641,6,-10866
642,87,9420
643,35,-3650
644,96,11713
645,29,-5098
646,49,-122
647,2,-11756
648,60,2607
649,85,8936
650,46,-891
651,61,2942
652,63,3403
653,16,-8358
654,9,-10027
655,18,-7816
656,47,-536
657,0,-12340
658,69,4760
659,24,-6318
660,94,11219
661,7,-10622
662,77,6892
663,59,2468
664,49,-178
665,61,2918
666,15,-8706
667,29,-5196
668,83,8275
669,51,494
670,99,12280
671,27,-5602
672,25,-6249
673,22,-6912
674,89,9932
675,43,-1640
676,63,3408
677,21,-7090
678,44,-1399
679,63,3314
680,67,4349
681,28,-5252
682,76,6714
683,86,9014
684,79,7359
685,27,-5590
686,36,-3439
687,3,-11510
688,67,4303
689,27,-5726
690,27,-5567
691,42,-1810
692,77,6877
693,87,9436
694,82,8072
695,23,-6598
696,98,12039
697,52,596
698,80,7533
699,5,-11152
700,90,10033
701,1,-12235
702,55,1437
703,31,-4686
704,2,-11848
705,0,-12478
706,94,11182
707,40,-2254
708,99,12268
709,0,-12327
710,36,-3280
711,17,-8028
712,51,278
713,26,-5806
714,73,5920
715,3,-11656
716,74,6203
717,49,-132
718,56,1556
719,15,-8592
720,57,1984
721,97,11912
722,3,-11694
723,14,-8832
724,68,4506
725,92,10594
726,59,2429
727,13,-9146
728,61,2766
729,44,-1494
730,38,-2771
731,0,-12288
732,88,9723
733,4,-11444
734,79,7361
735,86,9140
736,80,7709
737,6,-10810
738,67,4416
739,32,-4370
740,32,-4281
741,7,-10706
742,61,2913
743,29,-5236
744,22,-6900
745,60,2606
746,52,690
747,12,-9292
748,90,10151
749,4,-11462
750,28,-5387
751,64,3544
752,68,4512
753,6,-10876
754,36,-3396
755,2,-11850
756,39,-2717
757,12,-9492
758,8,-10486
759,96,11718
760,0,-12442
761,4,-11312
762,21,-7047
763,19,-7584
764,66,4064
765,3,-11642
766,51,380
767,3,-11739
768,37,-3067
769,25,-6034
770,87,9297
771,14,-8972
772,58,2128
773,36,-3500
774,62,3017
775,24,-6328
776,87,9402
777,0,-12379
778,64,3737
779,67,4308
780,56,1591
781,11,-9682
782,1,-12247
783,54,1010
784,47,-615
785,86,9056
786,17,-8174
787,24,-6296
788,59,2435
789,7,-10692
790,11,-9599
791,2,-11901
792,8,-10379
793,32,-4254
794,53,822
795,20,-7484
796,97,11963
797,83,8444
798,10,-9774
799,68,4574
800,81,7791
801,99,12388
802,37,-3087
803,84,8688
804,80,7715
805,51,448
806,1,-12197
807,2,-11797
808,1,-12244
809,2,-11807
810,90,10216
811,22,-6994
812,97,11787
813,39,-2592
814,33,-4019
815,1,-12028
816,35,-3587
817,1,-12203
818,62,3218
819,17,-8014
820,86,9155
821,48,-310
822,73,5941
823,72,5736
824,23,-6625
825,26,-5924
826,43,-1696
827,3,-11732
828,64,3591
829,19,-7722
830,37,-3227
831,50,212
832,95,11319
833,17,-8124
834,97,11866
835,39,-2656
836,42,-1800
837,2,-11831
838,54,1109
839,39,-2618
840,33,-4070
841,3,-11669
842,69,4944
843,2,-11820
844,85,8779
845,8,-10482
846,52,509
847,41,-2192
848,99,12463
849,81,7844
850,48,-322
851,72,5734
852,87,9417
853,43,-1506
854,21,-7168
855,2,-11877
856,83,8455
857,24,-6462
858,74,6213
859,73,5848
860,62,3059
861,82,8218
862,27,-5648
863,3,-11556
864,70,5210
865,0,-12460
866,87,9482
867,33,-4018
868,31,-4537
869,43,-1602
870,56,1538
871,10,-9968
872,88,9607
873,3,-11745
874,50,134
875,76,6580
876,78,7219
877,31,-4546
878,14,-8980
879,38,-2898
880,75,6456
881,37,-3008
882,10,-9995
883,81,7886
884,95,11260
885,3,-11743
886,59,2361
887,84,8668
888,82,8177
889,12,-9348
890,91,10356
891,7,-10580
892,85,8862
893,11,-9674
894,93,10961
895,78,7028
896,94,11159
897,73,5898
898,43,-1706
899,3,-11605
900,16,-8299
901,1,-12013
902,0,-12284
903,4,-11430
904,20,-7479
905,41,-2224
906,87,9432
907,43,-1598
908,87,9358
909,81,7794
910,20,-7464
911,56,1592
912,82,8246
913,90,10012
914,10,-9894
915,80,7506
916,51,336
917,33,-4132
918,58,2089
919,6,-10786
920,45,-1004
921,35,-3570
922,9,-10082
923,18,-7922
924,90,10119
925,55,1276
926,74,6238
927,9,-10178
928,54,1085
929,61,2884
930,99,12461
931,92,10562
932,46,-845
933,17,-8208
934,40,-2348
935,37,-3194
936,30,-4777
937,3,-11646
938,64,3729
939,81,7788
940,16,-8421
941,98,12244
942,82,8208
943,46,-998
944,22,-6855
945,16,-8488
946,12,-9279
947,3,-11690
948,75,6353
949,29,-5002
950,54,1197
951,3,-11689
952,70,5223
953,26,-5902
954,97,11934
955,0,-12263
956,97,11775
957,7,-10510
958,32,-4422
959,83,8280
960,69,4925
961,19,-7512
962,5,-11054
963,91,10400
964,95,11410
965,21,-7056
966,40,-2262
967,83,8264
968,92,10742
969,1,-12198
970,79,7484
971,27,-5550
972,95,11467
973,69,4786
974,56,1684
975,3,-11630
976,99,12343
977,4,-11286
978,12,-9487
979,20,-7394
980,34,-3863
981,43,-1730
982,37,-3243
983,2,-11767
984,13,-9153
985,52,614
986,41,-2143
987,69,4766
988,95,11259
989,23,-6670
990,45,-1248
991,33,-4048
992,96,11716
993,28,-5370
994,1,-12236
995,63,3458
996,27,-5515
997,8,-10438
998,35,-3659
999,33,-4004
1000,74,6189
1001,3,-11505
1002,94,11020
1003,89,9766
1004,75,6357
1005,47,-504
1006,12,-9415
1007,70,5130
1008,85,8903
1009,3,-11561
1010,21,-7171
1011,56,1586
1012,86,9112
1013,1,-12045
1014,84,8685
1015,11,-9610
1016,77,6799
1017,6,-10818
1018,35,-3595
1019,4,-11436
1020,71,5417
1021,8,-10264
1022,63,3477
1023,3,-11717
1024,93,10881
1025,89,9782
1026,20,-7383
1027,66,4086
1028,72,5645
1029,2,-11829
1030,43,-1510
1031,24,-6354
1032,25,-6081
1033,0,-12254
1034,14,-8843
1035,26,-5938
1036,99,12491
1037,44,-1340
1038,40,-2311
1039,2,-11813
1040,24,-6337
1041,14,-8900
1042,61,2797
1043,46,-760
1044,51,292
1045,49,-116
1046,48,-275
1047,20,-7454
1048,78,7088
1049,41,-2034
1050,3,-11750
1051,1,-12242
1052,88,9581
1053,47,-602
1054,47,-559
1055,3,-11573
1056,15,-8721
1057,43,-1514
1058,13,-9147
1059,32,-4294
1060,39,-2509
1061,24,-6384
1062,29,-5238
1063,39,-2520
1064,98,12167
1065,29,-5226
1066,73,5756
1067,1,-12140
1068,37,-3140
1069,45,-1250
1070,50,12
1071,31,-4748
1072,68,4711
1073,82,8138
1074,63,3422
1075,59,2472
1076,21,-7097
1077,0,-12338
1078,30,-4815
1079,12,-9370
1080,61,2753
1081,5,-11040
1082,54,1078
1083,7,-10612
1084,22,-6819
1085,1,-12076
1086,32,-4419
1087,55,1344
1088,75,6263
1089,5,-11082
1090,70,5174
1091,76,6668
1092,37,-3149
1093,39,-2750
1094,47,-651
1095,45,-1034
1096,67,4497
1097,12,-9338
1098,8,-10475
1099,6,-10948
1100,90,10219
1101,3,-11521
1102,66,4136
1103,0,-12404
1104,60,2726
1105,6,-10838
1106,86,9008
1107,18,-7778
1108,67,4323
1109,3,-11652
1110,17,-8031
1111,83,8278
1112,85,8815
1113,84,8736
1114,71,5285
1115,95,11346
1116,87,9331
1117,51,486
1118,49,-86
1119,4,-11395
1120,85,8991
1121,57,1978
1122,82,8064
1123,85,8894
1124,84,8584
1125,18,-7900
1126,99,12381
1127,26,-5864
1128,51,359
1129,99,12478
1130,62,3138
1131,9,-10108
1132,86,9211
1133,5,-11132
1134,84,8697
1135,9,-10152
1136,51,463
1137,30,-4860
1138,62,3198
1139,3,-11632
1140,85,8899
1141,39,-2614
1142,65,3861
1143,44,-1342
1144,43,-1585
1145,96,11684
1146,62,3053
1147,13,-9216
1148,85,8812
1149,19,-7694
1150,21,-7230
1151,8,-10412
1152,71,5453
1153,68,4516
1154,62,3093
1155,21,-7166
1156,37,-3021
1157,34,-3780
1158,45,-1011
1159,43,-1536
1160,67,4276
1161,32,-4428
1162,50,169
1163,47,-712
1164,91,10409
1165,8,-10390
1166,10,-9771
1167,61,2996
1168,40,-2433
1169,4,-11498
1170,15,-8547
1171,53,848
1172,96,11678
1173,2,-11942
1174,3,-11740
1175,41,-2044
1176,65,3767
1177,31,-4722
1178,87,9265
1179,15,-8720
1180,93,10958
1181,91,10390
1182,39,-2664
1183,26,-5892
1184,96,11620
1185,86,9200
1186,94,11081
1187,59,2402
1188,75,6356
1189,59,2290
1190,91,10357
1191,80,7504
1192,45,-1018
1193,70,5052
1194,20,-7480
1195,32,-4454
1196,93,10756
1197,9,-10160
1198,37,-3222
1199,43,-1700
1200,43,-1594
1201,11,-9518
1202,86,9149
1203,86,9090
1204,98,12098
1205,43,-1590
1206,51,413
1207,16,-8366
1208,82,8016
1209,61,2838
1210,23,-6695
1211,14,-8910
1212,81,7983
1213,3,-11597
1214,18,-7971
1215,26,-5912
1216,85,8813
1217,45,-1116
1218,38,-2911
1219,44,-1474
1220,75,6486
1221,5,-11050
1222,58,2073
1223,7,-10610
1224,86,9212
1225,0,-12472
1226,43,-1740
1227,85,8996
1228,69,4971
1229,3,-11578
1230,66,4014
1231,16,-8334
1232,76,6612
1233,28,-5390
1234,44,-1442
1235,38,-2760
1236,32,-4475
1237,67,4318
1238,1,-12167
1239,2,-11808
1240,69,4773
1241,1,-12151
1242,31,-4659
1243,3,-11639
1244,88,9683
1245,3,-11681
1246,3,-11653
1247,4,-11377
1248,84,8648
1249,40,-2390
1250,4,-11400
1251,53,808
1252,74,6221
1253,25,-6004
1254,67,4352
1255,9,-10048
1256,70,5175
1257,24,-6436
1258,35,-3655
1259,54,1174
1260,68,4625
1261,1,-12049
1262,43,-1632
1263,4,-11333
1264,60,2598
1265,48,-348
1266,40,-2418
1267,14,-8896
1268,34,-3921
1269,30,-4838
1270,31,-4746
1271,39,-2658
1272,72,5701
1273,92,10732
1274,29,-5127
1275,7,-10748
1276,97,11795
1277,11,-9700
1278,45,-1142
1279,5,-11200
1280,34,-3783
1281,2,-11900
1282,99,12450
1283,34,-3814
1284,69,4887
1285,52,626
1286,43,-1610
1287,4,-11254
1288,68,4745
1289,32,-4476
1290,25,-6008
1291,77,6828
1292,94,11043
1293,4,-11409
1294,92,10518
1295,37,-3100
1296,70,5181
1297,6,-10986
1298,42,-1894
1299,6,-10886
1300,72,5539
1301,89,9798
1302,36,-3319
1303,32,-4430
1304,63,3310
1305,79,7320
1306,23,-6590
1307,2,-11886
1308,40,-2425
1309,5,-11048
1310,74,6100
1311,16,-8442
1312,32,-4257
1313,16,-8256
1314,68,4573
1315,50,52
1316,53,817
1317,67,4408
1318,72,5626
1319,66,4090
1320,48,-284
1321,41,-2008
1322,49,-43
1323,5,-11237
1324,12,-9269
1325,1,-12061
1326,88,9738
1327,87,9296
1328,57,1903
1329,84,8574
1330,23,-6632
1331,30,-4898
1332,34,-3981
1333,50,216
1334,4,-11378
1335,51,350
1336,68,4550
1337,66,4088
1338,18,-7839
1339,59,2444
1340,38,-2859
1341,31,-4628
1342,39,-2683
1343,10,-9978
1344,10,-9801
1345,28,-5434
1346,8,-10304
1347,39,-2712
1348,86,9042
1349,41,-2164
1350,38,-2896
1351,13,-9008
1352,33,-4039
1353,49,-168
1354,50,82
1355,8,-10484
1356,88,9665
1357,87,9418
1358,81,7917
1359,90,10170
1360,8,-10311
1361,74,6192
1362,64,3625
1363,90,10064
1364,91,10275
1365,73,5838
1366,76,6665
1367,1,-12227
1368,79,7261
1369,0,-12303
1370,68,4545
1371,41,-2052
1372,61,2886
1373,13,-9162
1374,86,9202
1375,91,10392
1376,90,10175
1377,1,-12010
1378,7,-10587
1379,4,-11324
1380,99,12430
1381,4,-11477
1382,31,-4543
1383,8,-10306
1384,93,10954
1385,29,-5058
1386,54,1081
1387,96,11664
1388,89,9751
1389,4,-11271
1390,12,-9262
1391,12,-9380
1392,66,4230
1393,5,-11213
1394,71,5293
1395,4,-11499
1396,81,7999
1397,81,7936
1398,78,7150
1399,4,-11445
1400,49,-198
1401,18,-7772
1402,26,-5775
1403,17,-8024
1404,65,3811
1405,65,3768
1406,39,-2622
1407,5,-11221
1408,45,-1193
1409,18,-7854
1410,70,5070
1411,32,-4466
1412,92,10650
1413,44,-1378
1414,79,7420
1415,58,2152
1416,44,-1297
1417,5,-11107
1418,46,-976
1419,75,6334
1420,79,7275
1421,9,-10232
1422,90,10180
1423,17,-8038
1424,66,4224
1425,1,-12211
1426,73,5894
1427,27,-5690
1428,79,7385
1429,88,9654
1430,77,6821
1431,57,1850
1432,81,7967
1433,4,-11261
1434,28,-5306
1435,59,2286
1436,95,11455
1437,97,11834
1438,83,8472
1439,57,1776
1440,46,-804
1441,9,-10200
1442,1,-12148
1443,5,-11225
1444,99,12407
1445,4,-11300
1446,13,-9104
1447,5,-11128
1448,26,-5999
1449,50,0
1450,38,-2923
1451,1,-12216
1452,93,10931
1453,18,-7810
1454,84,8748
1455,5,-11083
1456,63,3437
1457,79,7346
1458,70,5090
1459,31,-4732
1460,67,4384
1461,21,-7062
1462,24,-6340
1463,1,-12225
1464,14,-8963
1465,20,-7340
1466,97,11801
1467,18,-7910
1468,61,2958
1469,5,-11179
1470,60,2744
1471,75,6444
1472,85,8861
1473,36,-3362
1474,79,7444
1475,4,-11289
1476,34,-3837
1477,0,-12330
1478,39,-2675
1479,75,6280
1480,58,2061
1481,32,-4310
1482,70,5045
1483,16,-8470
1484,90,10091
1485,40,-2310
1486,87,9409
1487,14,-8762
1488,61,2847
1489,10,-9836
1490,22,-6754
1491,33,-4074
1492,74,6131
1493,24,-6358
1494,73,5990
1495,57,1848
1496,19,-7731
1497,59,2452
1498,94,11238
1499,31,-4508
1500,98,12042
1501,8,-10276
1502,21,-7048
1503,72,5594
1504,52,522
1505,4,-11321
1506,44,-1375
1507,89,9936
1508,78,7146
1509,9,-10008
1510,1,-12057
1511,95,11490
1512,60,2508
1513,11,-9504
1514,99,12446
1515,22,-6834
1516,94,11235
1517,9,-10228
1518,32,-4471
1519,73,5974
1520,76,6741
1521,96,11614
1522,20,-7470
1523,70,5164
1524,65,3800
1525,79,7390
1526,68,4580
1527,38,-2790
1528,32,-4337
1529,3,-11647
1530,14,-8874
1531,10,-9772
1532,81,7778
1533,89,9946
1534,63,3298
1535,97,11844
1536,66,4045
1537,55,1256
1538,27,-5643
1539,96,11736
1540,96,11693
1541,93,10876
1542,54,1200
1543,59,2346
1544,74,6106
1545,7,-10574
1546,19,-7663
1547,93,10912
1548,61,2790
1549,9,-10096
1550,61,2952
1551,58,2064
1552,67,4399
1553,1,-12081
1554,10,-9760
1555,16,-8352
1556,72,5615
1557,83,8448
1558,49,-76
1559,72,5542
1560,72,5529
1561,25,-6036
1562,43,-1592
1563,2,-11953
1564,90,10159
1565,35,-3720
1566,76,6701
1567,17,-8190
1568,95,11297
1569,0,-12418
1570,94,11242
1571,38,-2960
1572,52,567
1573,93,10860
1574,30,-4923
1575,3,-11677
1576,66,4241
1577,1,-12194
1578,1,-12090
1579,5,-11013
1580,76,6603
1581,0,-12465
1582,5,-11051
1583,6,-10975
1584,85,8937
1585,8,-10382
1586,5,-11169
1587,17,-8182
1588,53,778
1589,58,2212
1590,92,10653
1591,87,9342
1592,62,3052
1593,6,-10977
1594,37,-3178
1595,84,8630
1596,30,-4977
1597,40,-2384
1598,2,-11805
1599,74,6158
1600,64,3537
1601,88,9736
1602,25,-6143
1603,10,-9824
1604,73,5895
1605,83,8356
1606,16,-8447
1607,4,-11257
1608,75,6297
1609,10,-9984
1610,35,-3638
1611,2,-11952
1612,81,7939
1613,42,-1854
1614,83,8466
1615,32,-4358
1616,89,9830
1617,6,-10766
1618,0,-12449
1619,49,-174
1620,66,4239
1621,86,9180
1622,63,3329
1623,65,3836
1624,95,11492
1625,0,-12321
1626,13,-9188
1627,12,-9310
1628,93,10811
1629,29,-5138
1630,26,-5918
1631,64,3732
1632,70,5097
1633,16,-8364
1634,70,5221
1635,38,-2788
1636,79,7331
1637,84,8632
1638,24,-6439
1639,58,2036
1640,35,-3699
1641,8,-10440
1642,38,-2915
1643,6,-10983
1644,66,4219
1645,10,-9962
1646,28,-5498
1647,5,-11182
1648,44,-1377
1649,70,5000
1650,29,-5195
1651,41,-2102
1652,85,8835
1653,1,-12119
1654,78,7058
1655,71,5428
1656,86,9055
1657,0,-12423
1658,69,4756
1659,22,-6908
1660,17,-8011
1661,5,-11206
1662,37,-3127
1663,18,-7932
1664,63,3334
1665,28,-5486
1666,63,3393
1667,35,-3560
1668,41,-2049
1669,75,6428
1670,63,3410
1671,55,1252
1672,65,3847
1673,44,-1400
1674,49,-148
1675,87,9328
1676,81,7995
1677,0,-12500
1678,21,-7071
1679,48,-408
1680,71,5377
1681,4,-11305
1682,25,-6098
1683,17,-8216
1684,93,10986
1685,41,-2114
1686,80,7545
1687,18,-7904
1688,85,8781
1689,48,-446
1690,3,-11612
1691,24,-6458
1692,48,-421
1693,47,-528
1694,97,11858
1695,14,-8944
1696,93,10983
1697,50,84
1698,80,7509
1699,3,-11598
1700,97,11757
1701,52,560
1702,35,-3708
1703,26,-5862
1704,28,-5479
1705,26,-5816
1706,5,-11233
1707,30,-4752
1708,98,12195
1709,73,5956
1710,93,10949
1711,45,-1226
1712,26,-5783
1713,69,4978
1714,44,-1278
1715,20,-7420
1716,13,-9005
1717,21,-7070
1718,29,-5055
1719,44,-1406
1720,51,449
1721,34,-3842
1722,93,10866
1723,54,1030
1724,74,6179
1725,84,8508
1726,2,-11890
1727,5,-11045
1728,70,5183
1729,24,-6434
1730,53,820
1731,4,-11281
1732,84,8600
1733,91,10428
1734,5,-11111
1735,59,2428
1736,26,-5817
1737,7,-10516
1738,83,8430
1739,19,-7616
1740,68,4651
1741,95,11278
1742,61,2801
1743,29,-5030
1744,42,-1931
1745,4,-11287
1746,3,-11576
1747,84,8528
1748,32,-4292
1749,30,-4874
1750,94,11222
1751,89,9990
1752,74,6076
1753,39,-2530
1754,65,3949
1755,78,7246
1756,69,4924
1757,0,-12282
1758,26,-5856
1759,44,-1492
1760,70,5199
1761,96,11670
1762,34,-3838
1763,93,10788
1764,50,99
1765,31,-4510
1766,81,7861
1767,75,6418
1768,86,9233
1769,27,-5520
1770,21,-7107
1771,52,732
1772,70,5011
1773,25,-6162
1774,7,-10575
1775,6,-10781
1776,98,12038
1777,69,4800
1778,50,108
1779,37,-3036
1780,83,8367
1781,18,-7980
1782,5,-11235
1783,9,-10198
1784,90,10233
1785,7,-10638
1786,22,-6938
1787,53,750
1788,36,-3306
1789,11,-9588
1790,87,9337
1791,11,-9732
1792,62,3086
1793,13,-9122
1794,17,-8131
1795,4,-11263
1796,97,11833
1797,7,-10592
1798,61,2989
1799,17,-8156
1800,90,10004
1801,1,-12177
1802,66,4133
1803,13,-9096
1804,56,1615
1805,12,-9346
1806,75,6257
1807,47,-688
1808,48,-297
1809,79,7488
1810,71,5369
1811,15,-8686
1812,39,-2644
1813,29,-5006
1814,29,-5147
1815,7,-10701
1816,21,-7052
1817,31,-4710
1818,63,3385
1819,31,-4684
1820,77,6843
1821,1,-12056
1822,77,6929
1823,7,-10689
1824,34,-3897
1825,5,-11105
1826,40,-2356
1827,20,-7290
1828,95,11475
1829,53,786
1830,92,10609
1831,64,3700
1832,77,6959
1833,61,2794
1834,81,7785
1835,77,6884
1836,88,9659
1837,18,-7982
1838,90,10237
1839,93,10890
1840,77,6751
1841,6,-10800
1842,50,198
1843,46,-902
1844,34,-3864
1845,25,-6078
1846,75,6430
1847,13,-9064
1848,83,8447
1849,92,10588
1850,12,-9339
1851,18,-7852
1852,81,7798
1853,4,-11343
1854,19,-7636
1855,56,1530
1856,59,2303
1857,70,5246
1858,3,-11657
1859,5,-11047
1860,99,12404
1861,88,9728
1862,81,7952
1863,45,-1074
1864,60,2704
1865,3,-11517
1866,3,-11654
1867,28,-5436
1868,85,8939
1869,46,-772
1870,83,8465
1871,55,1316
1872,90,10150
1873,23,-6536
1874,95,11477
1875,5,-11133
1876,37,-3047
1877,0,-12393
1878,36,-3415
1879,94,11136
1880,98,12199
1881,7,-10737
1882,79,7321
1883,3,-11516
1884,76,6587
1885,2,-11871
1886,3,-11624
1887,34,-3906
1888,26,-5870
1889,38,-2768
1890,70,5222
1891,71,5480
1892,67,4400
1893,4,-11483
1894,21,-7095
1895,35,-3528
1896,93,10967
1897,9,-10032
1898,23,-6539
1899,24,-6276
1900,84,8530
1901,66,4060
1902,65,3981
1903,27,-5606
1904,1,-12046
1905,93,10892
1906,26,-5923
1907,24,-6494
1908,54,1236
1909,42,-1814
1910,97,11988
1911,45,-1008
1912,56,1682
1913,8,-10322
1914,63,3493
1915,34,-3856
1916,98,12153
1917,34,-3820
1918,30,-4818
1919,48,-498
1920,96,11527
1921,22,-6986
1922,74,6033
1923,21,-7176
1924,71,5368
1925,32,-4496
1926,63,3409
1927,7,-10729
1928,82,8061
1929,16,-8416
1930,82,8236
1931,6,-10856
1932,91,10386
1933,25,-6062
1934,71,5296
1935,18,-7800
1936,43,-1750
1937,6,-10815
1938,28,-5292
1939,7,-10526
1940,95,11271
1941,15,-8726
1942,11,-9714
1943,46,-974
1944,38,-2976
1945,4,-11390
1946,21,-7042
1947,10,-10000
1948,82,8117
1949,71,5474
1950,0,-12305
1951,15,-8570
1952,63,3471
1953,27,-5746
1954,12,-9479
1955,65,3980
1956,42,-1847
1957,52,666
1958,79,7441
1959,29,-5028
1960,71,5375
1961,40,-2380
1962,46,-816
1963,54,1042
1964,34,-3899
1965,6,-10808
1966,51,256
1967,38,-2996
1968,46,-807
1969,7,-10609
1970,73,5753
1971,7,-10595
1972,95,11268
1973,24,-6500
1974,60,2665
1975,2,-11937
1976,80,7592
1977,68,4514
1978,55,1458
1979,6,-10763
1980,52,506
1981,38,-2824
1982,65,3957
1983,10,-9770
1984,96,11701
1985,3,-11547
1986,61,2990
1987,73,5890
1988,59,2277
1989,84,8628
1990,6,-10910
1991,6,-10827
1992,97,11957
1993,55,1338
1994,12,-9347
1995,5,-11076
1996,83,8315
1997,1,-12122
1998,55,1497
1999,7,-10525
2000,75,6401
2001,93,10808
2002,9,-10084
2003,5,-11160
2004,74,6168
2005,59,2322
2006,87,9477
2007,3,-11623
2008,25,-6233
2009,6,-10787
2010,77,6977
2011,70,5016
2012,91,10448
2013,6,-10799
2014,77,6758
2015,70,5012
2016,8,-10275
2017,21,-7208
2018,46,-795
2019,4,-11486
2020,56,1683
2021,63,3332
2022,36,-3364
2023,93,10864
2024,98,12101
2025,46,-904
2026,58,2013
2027,86,9194
2028,92,10611
2029,45,-1198
2030,24,-6399
2031,8,-10296
2032,82,8073
2033,11,-9532
2034,11,-9675
2035,1,-12026
2036,89,9938
2037,22,-6844
2038,98,12088
2039,6,-10773
2040,84,8709
2041,68,4642
2042,30,-4947
2043,7,-10522
2044,45,-1103
2045,3,-11726
2046,8,-10326
2047,37,-3224
2048,91,10439
2049,7,-10559
2050,60,2605
2051,2,-11985
2052,68,4691
2053,4,-11340
2054,68,4673
2055,6,-10789
2056,97,11997
2057,15,-8678
2058,84,8605
2059,36,-3310
2060,93,10856
2061,5,-11193
2062,15,-8624
2063,7,-10591
2064,92,10679
2065,7,-10615
2066,92,10665
2067,3,-11579
2068,81,7987
2069,56,1514
2070,44,-1252
2071,88,9678
2072,11,-9553
2073,47,-524
2074,63,3448
2075,32,-4372
2076,24,-6377
2077,2,-11825
2078,86,9021
2079,8,-10268
2080,79,7327
2081,50,106
2082,61,2761
2083,47,-554
2084,18,-7901
2085,25,-6150
2086,23,-6671
2087,5,-11064
2088,94,11079
2089,40,-2458
2090,77,6982
2091,50,46
2092,92,10547
2093,25,-6116
2094,37,-3123
2095,12,-9354
2096,25,-6065
2097,90,10158
2098,20,-7371
2099,56,1572
2100,96,11635
2101,2,-11769
2102,43,-1748
2103,46,-806
2104,35,-3547
2105,51,426
2106,6,-10774
2107,61,2964
2108,98,12165
2109,10,-9798
2110,43,-1648
2111,22,-6980
2112,81,7888
2113,52,700
2114,9,-10070
2115,8,-10419
2116,32,-4253
2117,40,-2334
2118,43,-1560
2119,22,-6946
2120,14,-8865
2121,14,-8904
2122,70,5177
2123,19,-7662
2124,62,3211
2125,7,-10720
2126,64,3577
2127,34,-3792
2128,17,-8201
2129,45,-1144
2130,68,4657
2131,2,-11823
2132,64,3619
2133,81,7796
2134,22,-6999
2135,6,-10947
2136,91,10485
2137,19,-7502
2138,43,-1723
2139,80,7550
2140,52,507
2141,9,-10192
2142,86,9012
2143,8,-10421
2144,91,10311
2145,7,-10745
2146,74,6001
2147,1,-12038
2148,20,-7261
2149,44,-1288
2150,62,3132
2151,6,-10909
2152,28,-5483
2153,32,-4258
2154,3,-11568
2155,6,-10833
2156,52,651
2157,87,9412
2158,87,9314
2159,6,-10889
2160,91,10384
2161,4,-11422
2162,2,-11826
2163,92,10546
2164,60,2625
2165,28,-5338
2166,46,-910
2167,32,-4418
2168,39,-2545
2169,65,3896
2170,52,505
2171,73,5758
2172,43,-1573
2173,8,-10376
2174,20,-7400
2175,7,-10590
2176,49,-209
2177,79,7252
2178,72,5532
2179,81,7834
2180,94,11085
2181,20,-7360
2182,15,-8683
2183,67,4316
2184,74,6175
2185,51,340
2186,93,10853
2187,59,2484
2188,96,11627
2189,7,-10644
2190,96,11686
2191,92,10720
2192,70,5156
2193,2,-11911
2194,7,-10746
2195,66,4210
2196,77,6835
2197,1,-12092
2198,85,8953
2199,18,-7890
2200,72,5586
2201,40,-2282
2202,92,10646
2203,8,-10337
2204,74,6113
2205,7,-10513
2206,60,2669
2207,6,-10822
2208,94,11207
2209,73,5760
2210,69,4818
2211,11,-9658
2212,87,9357
2213,12,-9360
2214,23,-6587
2215,3,-11518
2216,42,-1860
2217,50,190
2218,47,-502
2219,57,1788
2220,95,11419
2221,63,3466
2222,44,-1310
2223,10,-9976
2224,97,11879
2225,5,-11211
2226,89,9806
2227,24,-6330
2228,29,-5241
2229,44,-1336
2230,21,-7063
2231,31,-4678
2232,76,6608
2233,2,-11947
2234,63,3257
2235,10,-9888
2236,90,10179
2237,4,-11405
2238,75,6269
2239,8,-10271
2240,44,-1444
2241,72,5566
2242,92,10686
2243,5,-11241
2244,56,1535
2245,17,-8062
2246,82,8097
2247,13,-9166
2248,2,-11926
2249,7,-10705
2250,82,8169
2251,25,-6208
2252,91,10331
2253,13,-9028
2254,13,-9191
2255,10,-9756
2256,68,4689
2257,90,10188
2258,3,-11580
2259,27,-5714
2260,94,11075
2261,67,4286
2262,57,1772
2263,8,-10437
2264,85,8869
2265,82,8034
2266,0,-12270
2267,2,-11921
2268,71,5283
2269,66,4066
2270,1,-12096
2271,71,5416
2272,18,-7940
2273,48,-450
2274,19,-7738
2275,8,-10455
2276,80,7591
2277,59,2450
2278,24,-6252
2279,97,11950
2280,75,6309
2281,27,-5620
2282,25,-6047
2283,7,-10654
2284,84,8635
2285,67,4278
2286,66,4017
2287,57,1996
2288,55,1311
2289,68,4696
2290,10,-9778
2291,16,-8326
2292,83,8409
2293,72,5596
2294,83,8406
2295,21,-7064
2296,48,-441
2297,51,460
2298,74,6226
2299,27,-5596
2300,38,-2981
2301,21,-7036
2302,70,5198
2303,37,-3228
2304,21,-7193
2305,72,5624
2306,58,2181
2307,77,6878
2308,81,7829
2309,8,-10346
2310,26,-5830
2311,6,-10981
2312,94,11021
2313,33,-4156
2314,15,-8748
2315,7,-10721
2316,76,6600
2317,19,-7510
2318,1,-12021
2319,69,4896
2320,35,-3690
2321,66,4080
2322,39,-2738
2323,33,-4046
2324,61,2867
2325,7,-10651
2326,60,2601
2327,51,436
2328,29,-5120
2329,11,-9596
2330,86,9040
2331,20,-7494
2332,35,-3693
2333,93,10848
2334,63,3252
2335,61,2936
2336,66,4216
2337,26,-5826
2338,37,-3066
2339,19,-7736
2340,77,6807
2341,94,11244
2342,44,-1431
2343,52,578
2344,93,10807
2345,10,-9960
2346,81,7774
2347,86,9034
2348,75,6458
2349,15,-8596
2350,10,-9954
2351,8,-10345
2352,88,9503
2353,22,-6866
2354,64,3636
2355,47,-506
2356,62,3143
2357,11,-9666
2358,47,-750
2359,7,-10619
2360,4,-11401
2361,29,-5050
2362,2,-11827
2363,9,-10169
2364,23,-6579
2365,68,4584
2366,64,3724
2367,9,-10245
2368,55,1303
2369,8,-10298
2370,27,-5563
2371,12,-9306
2372,96,11737
2373,6,-10978
2374,28,-5354
2375,5,-11139
2376,71,5447
2377,11,-9726
2378,1,-12234
2379,79,7314
2380,62,3067
2381,42,-1870
2382,98,12046
2383,29,-5102
2384,30,-4795
2385,81,7840
2386,89,9948
2387,8,-10489
2388,71,5335
2389,19,-7664
2390,94,11224
2391,12,-9364
2392,44,-1304
2393,45,-1104
2394,74,6058
2395,81,7856
2396,48,-261
2397,14,-8760
2398,68,4702
2399,50,166
2400,71,5409
2401,10,-9996
2402,76,6716
2403,1,-12204
2404,29,-5026
2405,10,-9856
2406,68,4617
2407,86,9046
2408,41,-2236
2409,19,-7658
2410,81,7877
2411,17,-8084
2412,88,9685
2413,17,-8146
2414,13,-9015
2415,43,-1746
2416,66,4153
2417,1,-12068
2418,89,9886
2419,10,-9932
2420,55,1251
2421,9,-10016
2422,15,-8523
2423,17,-8242
2424,84,8637
2425,75,6338
2426,40,-2463
2427,4,-11363
2428,59,2331
2429,77,6860
2430,76,6573
2431,44,-1396
2432,92,10741
2433,2,-11920
2434,53,958
2435,85,8774
2436,49,-77
2437,13,-9194
2438,79,7414
2439,23,-6686
2440,16,-8403
2441,79,7268
2442,87,9386
2443,72,5660
2444,84,8691
2445,26,-5930
2446,80,7557
2447,30,-4852
2448,62,3209
2449,62,3168
2450,67,4449
2451,90,10018
2452,33,-4211
2453,60,2732
2454,30,-4767
2455,9,-10155
2456,64,3615
2457,15,-8598
2458,23,-6571
2459,13,-9004
2460,90,10105
2461,33,-4206
2462,67,4324
2463,0,-12397
2464,76,6625
2465,7,-10606
2466,21,-7015
2467,24,-6480
2468,46,-787
2469,0,-12281
2470,23,-6568
2471,74,6036
2472,59,2289
2473,82,8040
2474,41,-2139
2475,87,9254
2476,76,6627
2477,26,-5866
2478,82,8244
2479,2,-11816
2480,11,-9633
2481,10,-9974
2482,13,-9224
2483,46,-882
2484,93,10877
2485,10,-9826
2486,91,10489
2487,36,-3304
2488,35,-3591
2489,5,-11074
2490,19,-7638
2491,13,-9132
2492,90,10054
2493,46,-788
2494,47,-679
2495,42,-1880
2496,58,2134
2497,10,-9934
2498,93,10870
2499,5,-11068
2500,92,10735
2501,12,-9344
2502,11,-9639
2503,43,-1604
2504,77,6783
2505,0,-12395
2506,96,11712
2507,20,-7312
2508,87,9387
2509,18,-7858
2510,99,12421
2511,9,-10005
2512,49,-201
2513,6,-10841
2514,46,-767
2515,22,-6888
2516,97,11993
2517,43,-1724
2518,57,1913
2519,7,-10521
2520,21,-7142
2521,95,11404
2522,96,11612
2523,14,-8754
2524,83,8291
2525,5,-11090
2526,99,12420
2527,46,-996
2528,66,4170
2529,1,-12041
2530,69,4948
2531,75,6490
2532,91,10391
2533,20,-7414
2534,57,1906
2535,99,12314
2536,54,1150
2537,32,-4460
2538,62,3189
2539,32,-4314
2540,93,10917
2541,32,-4474
2542,66,4214
2543,8,-10351
2544,61,2969
2545,8,-10449
2546,75,6373
2547,6,-10796
2548,86,9081
2549,10,-9953
2550,82,8036
2551,31,-4594
2552,70,5101
2553,51,376
2554,75,6285
2555,4,-11293
2556,83,8359
2557,23,-6666
2558,52,693
2559,8,-10277
2560,53,896
2561,8,-10491
2562,92,10721
2563,16,-8292
2564,65,3779
2565,4,-11323
2566,36,-3447
2567,65,3878
2568,85,8823
2569,70,5032
2570,38,-2924
2571,69,4806
2572,83,8499
2573,73,5860
2574,44,-1471
2575,7,-10553
2576,30,-4974
2577,30,-4946
2578,33,-4067
2579,5,-11014
2580,45,-1069
2581,21,-7160
2582,59,2473
2583,82,8068
2584,44,-1296
2585,1,-12025
2586,91,10408
2587,6,-10903
2588,97,11920
2589,26,-5910
2590,60,2529
2591,88,9722
2592,91,10463
2593,24,-6408
2594,9,-10056
2595,78,7034
2596,59,2419
2597,64,3712
2598,65,3882
2599,0,-12451
2600,93,10863
2601,11,-9554
2602,92,10573
2603,12,-9400
2604,91,10427
2605,39,-2610
2606,25,-6048
2607,50,142
2608,91,10418
2609,82,8124
2610,40,-2258
2611,14,-8774
2612,98,12079
2613,85,8902
2614,25,-6163
2615,85,8884
2616,22,-6911
2617,32,-4252
2618,79,7413
2619,51,298
2620,77,6939
2621,71,5304
2622,11,-9614
2623,2,-11785
2624,28,-5490
2625,30,-4902
2626,39,-2650
2627,34,-3804
2628,90,10015
2629,9,-10037
2630,8,-10285
2631,20,-7326
2632,62,3077
2633,3,-11533
2634,1,-12180
2635,3,-11607
2636,93,10969
2637,35,-3694
2638,63,3285
2639,53,810
2640,35,-3511
2641,49,-78
2642,35,-3575
2643,7,-10652
2644,64,3523
2645,44,-1460
2646,95,11356
2647,7,-10557
2648,23,-6665
2649,94,11206
2650,43,-1631
2651,1,-12164
2652,94,11003
2653,10,-9924
2654,81,7949
2655,8,-10364
2656,33,-4174
2657,24,-6374
2658,27,-5576
2659,43,-1596
2660,89,9847
2661,17,-8004
2662,73,5932
2663,25,-6054
2664,44,-1316
2665,56,1608
2666,50,241
2667,71,5256
2668,54,1235
2669,51,420
2670,57,1990
2671,9,-10145
2672,46,-940
2673,64,3618
2674,86,9049
2675,93,10820
2676,67,4439
2677,36,-3344
2678,9,-10089
2679,98,12054
2680,87,9311
2681,5,-11168
2682,2,-11852
2683,97,11816
2684,26,-5961
2685,17,-8238
2686,90,10000
2687,65,3790
2688,69,4759
2689,1,-12159
2690,31,-4526
2691,21,-7164
2692,87,9398
2693,1,-12123
2694,61,2877
2695,9,-10161
2696,70,5151
2697,81,7758
2698,32,-4306
2699,8,-10260
2700,96,11721
2701,41,-2062
2702,8,-10473
2703,25,-6220
2704,63,3473
2705,17,-8224
2706,62,3133
2707,2,-11794
2708,89,9877
2709,48,-440
2710,19,-7690
2711,16,-8382
2712,44,-1433
2713,39,-2748
2714,84,8684
2715,37,-3150
2716,69,4883
2717,91,10362
2718,37,-3007
2719,28,-5330
2720,36,-3494
2721,9,-10038
2722,17,-8183
2723,38,-2886
2724,56,1555
2725,10,-9846
2726,33,-4136
2727,1,-12163
2728,34,-3811
2729,16,-8284
2730,29,-5083
2731,28,-5482
2732,75,6267
2733,56,1544
2734,66,4177
2735,47,-660
2736,55,1257
2737,17,-8082
2738,10,-9941
2739,2,-11998
2740,62,3173
2741,30,-4804
2742,18,-7918
2743,9,-10237
2744,73,5934
2745,11,-9624
2746,68,4637
2747,37,-3220
2748,99,12394
2749,98,12076
2750,80,7682
2751,30,-4848
2752,45,-1016
2753,12,-9290
2754,38,-2822
2755,12,-9406
2756,52,672
2757,65,3794
2758,53,802
2759,40,-2352
2760,46,-827
2761,53,880
2762,93,10977
2763,65,3974
2764,78,7207
2765,56,1638
2766,40,-2407
2767,7,-10541
2768,84,8735
2769,79,7446
2770,59,2345
2771,4,-11381
2772,92,10632
2773,4,-11458
2774,61,2768
2775,65,3786
2776,71,5469
2777,7,-10699
2778,74,6018
2779,10,-9864
2780,83,8423
2781,15,-8566
2782,3,-11538
2783,82,8108
2784,46,-793
2785,1,-12111
2786,53,858
2787,15,-8718
2788,33,-4221
2789,3,-11523
2790,28,-5283
2791,3,-11567
2792,40,-2345
2793,3,-11687
2794,40,-2495
2795,7,-10598
2796,92,10507
2797,9,-10063
2798,3,-11613
2799,10,-9805
2800,66,4069
2801,22,-6976
2802,13,-9043
2803,81,7988
2804,60,2567
2805,5,-11187
2806,32,-4423
2807,25,-6112
2808,58,2124
2809,78,7016
2810,97,11965
2811,10,-9815
2812,52,603
2813,68,4596
2814,40,-2387
2815,1,-12190
2816,99,12399
2817,10,-9851
2818,41,-2131
2819,7,-10744
2820,87,9441
2821,23,-6674
2822,72,5528
2823,23,-6610
2824,85,8839
2825,55,1468
2826,46,-892
2827,69,4844
2828,76,6507
2829,56,1742
2830,46,-848
2831,1,-12037
2832,30,-4792
2833,93,10842
2834,36,-3358
2835,26,-5984
2836,99,12467
2837,51,250
2838,46,-979
2839,8,-10325
2840,32,-4409
2841,27,-5660
2842,95,11290
2843,22,-6816
2844,98,12219
2845,21,-7194
2846,87,9396
2847,14,-8916
2848,43,-1732
2849,80,7602
2850,23,-6540
2851,64,3540
2852,60,2723
2853,92,10620
2854,64,3726
2855,66,4114
2856,81,7961
2857,28,-5258
2858,45,-1127
2859,10,-9861
2860,68,4728
2861,33,-4112
2862,5,-11016
2863,28,-5312
2864,72,5669
2865,67,4448
2866,69,4998
2867,97,11924
2868,65,3831
2869,24,-6308
2870,42,-1955
2871,11,-9514
2872,47,-699
2873,6,-10988
2874,2,-11862
2875,10,-9975
2876,85,8959
2877,55,1462
2878,76,6578
2879,30,-4908
2880,73,5783
2881,14,-8864
2882,32,-4267
2883,10,-9828
2884,25,-6170
2885,1,-12139
2886,40,-2255
2887,5,-11043
2888,47,-700
2889,87,9310
2890,60,2596
2891,34,-3900
2892,71,5353
2893,77,6802
2894,86,9150
2895,70,5224
2896,91,10478
2897,0,-12470
2898,3,-11587
2899,22,-6850
2900,39,-2599
2901,47,-668
2902,42,-1956
2903,9,-10133
2904,88,9718
2905,38,-2910
2906,75,6389
2907,39,-2608
2908,76,6683
2909,66,4232
2910,97,11909
2911,72,5708
2912,99,12305
2913,5,-11197
2914,63,3348
2915,20,-7426
2916,23,-6617
2917,74,6062
2918,29,-5076
2919,22,-6882
2920,71,5318
2921,38,-2920
2922,92,10521
2923,56,1676
2924,87,9394
2925,3,-11716
2926,94,11161
2927,9,-10045
2928,18,-7887
2929,83,8380
2930,54,1032
2931,8,-10381
2932,88,9610
2933,43,-1722
2934,45,-1130
2935,50,54
2936,79,7329
2937,23,-6538
2938,37,-3027
2939,40,-2410
2940,90,10003
2941,3,-11748
2942,3,-11660
2943,9,-10205
2944,99,12345
2945,6,-10939
2946,71,5361
2947,62,3042
2948,95,11311
2949,29,-5150
2950,61,2965
2951,92,10526
2952,66,4158
2953,14,-8950
2954,50,45
2955,60,2630
2956,95,11275
2957,52,620
2958,53,798
2959,31,-4572
2960,72,5616
2961,60,2578
2962,84,8656
2963,49,-206
2964,36,-3433
2965,4,-11326
2966,67,4297
2967,11,-9597
2968,27,-5689
2969,73,5998
2970,78,7052
2971,61,2786
2972,92,10577
2973,97,11946
2974,68,4684
2975,95,11300
2976,49,-151
2977,48,-294
2978,58,2149
2979,7,-10579
2980,13,-9056
2981,20,-7370
2982,10,-9970
2983,78,7144
2984,86,9029
2985,44,-1370
2986,88,9645
2987,66,4162
2988,57,1769
2989,3,-11683
2990,43,-1559
2991,11,-9593
2992,68,4634
2993,87,9480
2994,82,8186
2995,77,6902
2996,87,9471
2997,0,-12487
2998,80,7677
2999,8,-10307
3000,77,6809
3001,10,-9835
3002,8,-10310
3003,71,5452
3004,58,2015
3005,38,-2948
3006,16,-8496
3007,70,5240
3008,66,4025
3009,66,4008
3010,45,-1035
3011,24,-6254
3012,92,10525
3013,14,-8872
3014,22,-6955
3015,44,-1274
3016,19,-7540
3017,34,-3882
3018,45,-1055
3019,2,-11810
3020,89,9855
3021,5,-11230
3022,54,1101
3023,9,-10069
3024,83,8429
3025,10,-9983
3026,95,11457
3027,7,-10584
3028,70,5155
3029,1,-12005
3030,1,-12079
3031,2,-11855
3032,25,-6089
3033,12,-9481
3034,82,8149
3035,1,-12078
3036,60,2531
3037,52,736
3038,21,-7112
3039,11,-9701
3040,26,-5855
3041,11,-9609
3042,43,-1656
3043,95,11298
3044,72,5565
3045,59,2354
3046,45,-1223
3047,51,378
3048,37,-3163
3049,28,-5386
3050,61,2824
3051,26,-5836
3052,91,10251
3053,26,-5880
3054,10,-9754
3055,7,-10501
3056,13,-9052
3057,11,-9607
3058,26,-5852
3059,37,-3130
3060,80,7587
3061,31,-4730
3062,27,-5719
3063,98,12006
3064,45,-1231
3065,12,-9304
3066,5,-11116
3067,4,-11337
3068,81,7957
3069,46,-956
3070,32,-4382
3071,24,-6290
3072,37,-3072
3073,27,-5622
3074,26,-5947
3075,5,-11121
3076,77,6851
3077,4,-11382
3078,72,5550
3079,41,-2018
3080,81,7824
3081,57,1832
3082,78,7078
3083,46,-762
3084,57,1971
3085,10,-9887
3086,45,-1111
3087,56,1636
3088,11,-9711
3089,57,1958
3090,94,11056
3091,0,-12385
3092,91,10339
3093,95,11294
3094,25,-6052
3095,28,-5422
3096,70,5196
3097,19,-7626
3098,82,8229
3099,92,10596
3100,89,9893
3101,50,172
3102,85,8853
3103,74,6212
3104,74,6078
3105,65,3924
3106,95,11424
3107,11,-9737
3108,88,9599
3109,13,-9160
3110,16,-8343
3111,40,-2438
3112,65,3927
3113,9,-10024
3114,67,4260
3115,76,6726
3116,78,7067
3117,27,-5544
3118,83,8373
3119,2,-11787
3120,50,63
3121,11,-9721
3122,21,-7219
3123,9,-10002
3124,91,10361
3125,12,-9410
3126,96,11606
3127,54,1102
3128,35,-3569
3129,55,1482
3130,32,-4287
3131,6,-10829
3132,91,10300
3133,74,6222
3134,32,-4327
3135,79,7364
3136,83,8358
3137,31,-4712
3138,19,-7570
3139,57,1828
3140,25,-6231
3141,31,-4692
3142,53,966
3143,93,10978
3144,16,-8353
3145,3,-11692
3146,38,-2876
3147,9,-10188
3148,77,6859
3149,96,11720
3150,62,3205
3151,30,-4900
3152,48,-393
3153,18,-7782
3154,93,10889
3155,39,-2522
3156,45,-1043
3157,32,-4494
3158,72,5681
3159,3,-11502
3160,74,6024
3161,14,-8776
3162,83,8470
3163,91,10346
3164,50,187
3165,7,-10655
3166,42,-1994
3167,83,8368
3168,35,-3719
3169,8,-10266
3170,66,4001
3171,10,-9921
3172,81,7885
3173,25,-6012
3174,8,-10470
3175,92,10694
3176,97,11905
3177,11,-9651
3178,88,9622
3179,20,-7392
3180,77,6841
3181,24,-6438
3182,22,-6978
3183,9,-10206
3184,36,-3395
3185,23,-6556
3186,30,-4979
3187,24,-6322
3188,79,7427
3189,12,-9433
3190,71,5362
3191,70,5014
3192,33,-4218
3193,48,-442
3194,3,-11571
3195,7,-10604
3196,74,6023
3197,20,-7436
3198,65,3808
3199,58,2146
3200,84,8732
3201,92,10738
3202,31,-4695
3203,30,-4972
3204,44,-1408
3205,95,11372
3206,40,-2494
3207,6,-10959
3208,81,7831
3209,98,12128
3210,23,-6659
3211,30,-4996
3212,76,6696
3213,12,-9325
3214,5,-11036
3215,56,1698
3216,32,-4456
3217,90,10092
3218,51,262
3219,49,-90
3220,71,5346
3221,44,-1338
3222,22,-6836
3223,11,-9561
3224,80,7536
3225,4,-11280
3226,15,-8636
3227,0,-12499
3228,56,1519
3229,20,-7348
3230,41,-2055
3231,27,-5706
3232,89,9983
3233,3,-11671
3234,29,-5243
3235,11,-9549
3236,72,5713
3237,41,-2182
3238,20,-7323
3239,46,-764
3240,54,1124
3241,67,4360
3242,2,-11931
3243,2,-11983
3244,89,9867
3245,63,3340
3246,62,3101
3247,9,-10013
3248,22,-6811
3249,47,-686
3250,19,-7696
3251,30,-4832
3252,84,8559
3253,21,-7138
3254,2,-11854
3255,6,-10884
3256,42,-1822
3257,60,2520
3258,1,-12221
3259,8,-10293
3260,51,371
3261,3,-11570
3262,42,-1999
3263,75,6348
3264,50,223
3265,13,-9154
3266,86,9232
3267,37,-3182
3268,91,10383
3269,22,-6814
3270,58,2052
3271,22,-6942
3272,88,9705
3273,88,9648
3274,10,-9987
3275,12,-9298
3276,66,4023
3277,63,3366
3278,14,-8851
3279,28,-5478
3280,97,11790
3281,37,-3082
3282,87,9460
3283,43,-1582
3284,50,131
3285,26,-5964
3286,6,-10794
3287,21,-7124
3288,68,4698
3289,12,-9457
3290,67,4282
3291,6,-10791
3292,82,8195
3293,68,4714
3294,12,-9408
3295,8,-10445
3296,53,976
3297,33,-4142
3298,69,4953
3299,26,-5928
3300,90,10131
3301,13,-9178
3302,13,-9051
3303,86,9010
3304,83,8279
3305,50,86
3306,23,-6555
3307,24,-6476
3308,56,1562
3309,16,-8444
3310,64,3617
3311,29,-5104
3312,96,11607
3313,63,3294
3314,86,9178
3315,0,-12265
3316,67,4371
3317,21,-7182
3318,85,8993
3319,81,7994
3320,69,4930
3321,64,3710
3322,26,-5931
3323,46,-830
3324,91,10369
3325,44,-1488
3326,92,10569
3327,9,-10105
3328,27,-5578
3329,91,10460
3330,32,-4455
3331,4,-11352
3332,89,9921
3333,80,7736
3334,94,11130
3335,98,12132
3336,95,11313
3337,2,-11991
3338,55,1306
3339,75,6328
3340,78,7107
3341,12,-9254
3342,12,-9336
3343,69,4968
3344,82,8039
3345,14,-8788
3346,76,6706
3347,54,1194
3348,88,9548
3349,19,-7652
3350,24,-6371
3351,92,10706
3352,7,-10646
3353,63,3312
3354,19,-7579
3355,45,-1200
3356,70,5148
3357,95,11498
3358,2,-11812
3359,7,-10551
3360,92,10591
3361,95,11258
3362,58,2025
3363,13,-9110
3364,94,11127
3365,82,8172
3366,11,-9646
3367,17,-8066
3368,21,-7055
3369,8,-10340
3370,88,9729
3371,12,-9497
3372,77,6897
3373,1,-12249
3374,9,-10154
3375,21,-7214
3376,73,5788
3377,76,6514
3378,98,12033
3379,11,-9705
3380,39,-2684
3381,7,-10603
3382,81,7940
3383,85,8794
3384,56,1525
3385,36,-3458
3386,83,8416
3387,11,-9543
3388,38,-2785
3389,89,9814
3390,84,8682
3391,12,-9429
3392,62,3212
3393,13,-9082
3394,76,6589
3395,84,8594
3396,79,7250
3397,5,-11046
3398,6,-10958
3399,65,3910
3400,30,-4956
3401,13,-9141
3402,21,-7179
3403,88,9650
3404,90,10187
3405,3,-11583
3406,80,7672
3407,27,-5748
3408,18,-7894
3409,18,-7864
3410,91,10449
3411,13,-9193
3412,94,11123
3413,65,3784
3414,18,-7923
3415,19,-7620
3416,45,-1227
3417,1,-12219
3418,74,6041
3419,27,-5604
3420,77,6948
3421,11,-9585
3422,47,-682
3423,50,174
3424,90,10118
3425,53,870
3426,32,-4367
3427,22,-6802
3428,36,-3357
3429,26,-5998
3430,32,-4491
3431,69,4922
3432,73,5846
3433,69,4890
3434,97,11929
3435,87,9446
3436,64,3595
3437,29,-5012
3438,33,-4196
3439,9,-10173
3440,87,9255
3441,5,-11011
3442,19,-7730
3443,13,-9217
3444,75,6477
3445,49,-114
3446,53,933
3447,14,-8822
3448,91,10461
3449,61,2752
3450,32,-4280
3451,5,-11188
3452,63,3442
3453,94,11200
3454,33,-4071
3455,27,-5542
3456,57,1928
3457,32,-4396
3458,25,-6130
3459,8,-10347
3460,99,12303
3461,91,10266
3462,12,-9404
3463,2,-11833
3464,47,-567
3465,21,-7146
3466,55,1329
3467,8,-10314
3468,96,11652
3469,5,-11245
3470,53,876
3471,1,-12093
3472,31,-4523
3473,77,6784
3474,45,-1215
3475,25,-6044
3476,72,5735
3477,2,-11914
3478,99,12397
3479,25,-6124
3480,77,6989
3481,6,-10901
3482,82,8102
3483,11,-9691
3484,51,438
3485,29,-5186
3486,72,5689
3487,47,-744
3488,45,-1151
3489,51,406
3490,16,-8314
3491,13,-9065
3492,82,8031
3493,49,-52
3494,74,6205
3495,8,-10256
3496,29,-5190
3497,24,-6314
3498,86,9168
3499,22,-6914
3500,62,3001
3501,0,-12260
3502,16,-8291
3503,65,3826
3504,33,-4089
3505,29,-5054
3506,10,-9955
3507,14,-8956
3508,74,6243
3509,16,-8306
3510,28,-5375
3511,28,-5418
3512,99,12255
3513,2,-11986
3514,70,5166
3515,9,-10143
3516,65,3817
3517,25,-6028
3518,39,-2643
3519,12,-9472
3520,78,7145
3521,27,-5514
3522,14,-8939
3523,91,10442
3524,46,-877
3525,88,9606
3526,37,-3115
3527,43,-1634
3528,89,9823
3529,93,10770
3530,48,-342
3531,61,2784
3532,94,11097
3533,61,2792
3534,12,-9345
3535,42,-1940
3536,66,4229
3537,46,-810
3538,98,12108
3539,15,-8524
3540,41,-2038
3541,13,-9048
3542,95,11256
3543,83,8330
3544,20,-7432
3545,44,-1364
3546,30,-4890
3547,26,-5940
3548,94,11087
3549,13,-9133
3550,96,11560
3551,63,3304
3552,83,8324
3553,4,-11356
3554,60,2501
3555,10,-9907
3556,87,9475
3557,95,11470
3558,62,3045
3559,14,-8914
3560,41,-2209
3561,54,1120
3562,75,6256
3563,4,-11284
3564,96,11579
3565,84,8696
3566,83,8366
3567,4,-11341
3568,86,9066
3569,27,-5552
3570,2,-11916
3571,65,3930
3572,67,4337
3573,94,11214
3574,82,8096
3575,11,-9565
3576,2,-11778
3577,79,7486
3578,33,-4198
3579,52,574
3580,48,-272
3581,6,-10875
3582,81,7841
3583,12,-9301
3584,69,4853
3585,27,-5530
3586,64,3538
3587,11,-9535
3588,57,1919
3589,3,-11611
3590,99,12302
3591,5,-11102
3592,96,11501
3593,8,-10451
3594,14,-8982
3595,10,-9859
3596,61,2803
3597,71,5262
3598,72,5597
3599,12,-9331
3600,32,-4377
3601,40,-2462
3602,0,-12480
3603,12,-9387
3604,62,3127
3605,67,4458
3606,76,6628
3607,9,-10093
3608,57,1895
3609,96,11666
3610,79,7312
3611,10,-9787
3612,89,9891
3613,21,-7248
3614,79,7454
3615,61,2764
3616,95,11437
3617,42,-1830
3618,18,-7815
3619,8,-10281
3620,91,10399
3621,39,-2718
3622,9,-10077
3623,68,4548
3624,83,8254
3625,30,-4834
3626,4,-11371
3627,60,2710
3628,81,7819
3629,14,-8989
3630,95,11373
3631,59,2270
3632,74,6111
3633,25,-6068
3634,73,5777
3635,99,12474
3636,86,9071
3637,32,-4412
3638,92,10616
3639,48,-332
3640,46,-961
3641,14,-8792
3642,74,6246
3643,10,-9837
3644,73,5923
3645,59,2256
3646,73,5905
3647,15,-8522
3648,74,6028
3649,43,-1512
3650,67,4258
3651,74,6142
3652,51,334
3653,13,-9181
3654,56,1601
3655,87,9486
3656,46,-761
3657,5,-11087
3658,34,-3951
3659,98,12124
3660,97,11807
3661,0,-12364
3662,75,6288
3663,14,-8836
3664,73,5992
3665,22,-6778
3666,84,8516
3667,0,-12428
3668,67,4354
3669,87,9424
3670,25,-6174
3671,7,-10688
3672,72,5530
3673,12,-9372
3674,61,2929
3675,25,-6010
3676,61,2769
3677,10,-9818
3678,59,2273
3679,5,-11015
3680,58,2039
3681,21,-7108
3682,75,6317
3683,28,-5500
3684,94,11141
3685,16,-8350
3686,29,-5124
3687,89,9810
3688,23,-6603
3689,8,-10429
3690,86,9105
3691,10,-9942
3692,62,3147
3693,81,7780
3694,27,-5522
3695,5,-11061
3696,98,12048
3697,12,-9469
3698,68,4641
3699,2,-11933
3700,30,-4799
3701,3,-11572
3702,66,4132
3703,89,9928
3704,69,4831
3705,53,814
3706,69,4781
3707,82,8078
3708,96,11525
3709,12,-9426
3710,64,3609
3711,59,2296
3712,75,6310
3713,56,1634
3714,50,221
3715,17,-8176
3716,71,5328
3717,8,-10383
3718,16,-8363
3719,53,806
3720,73,5768
3721,7,-10650
3722,67,4358
3723,71,5482
3724,66,4195
3725,0,-12405
3726,32,-4271
3727,74,6176
3728,74,6087
3729,11,-9563
3730,16,-8387
3731,22,-6790
3732,57,1759
3733,66,4050
3734,85,8777
3735,1,-12230
3736,44,-1489
3737,17,-8180
3738,51,260
3739,75,6404
3740,74,6015
3741,82,8210
3742,14,-8833
3743,81,7976
3744,71,5279
3745,11,-9695
3746,45,-1178
3747,78,7180
3748,79,7353
3749,22,-6962
3750,58,2020
3751,27,-5594
3752,53,986
3753,14,-8811
3754,9,-10001
3755,76,6594
3756,33,-4013
3757,89,9858
3758,54,1185
3759,10,-9806
3760,99,12409
3761,1,-12035
3762,81,7821
3763,31,-4674
3764,21,-7177
3765,26,-5814
3766,54,1034
3767,93,10764
3768,98,12182
3769,6,-10914
3770,86,9221
3771,11,-9749
3772,73,5883
3773,88,9552
3774,80,7632
3775,95,11402
3776,68,4520
3777,33,-4060
3778,59,2373
3779,9,-10163
3780,92,10561
3781,88,9556
3782,30,-4876
3783,40,-2280
3784,16,-8385
3785,13,-9240
3786,45,-1131
3787,5,-11041
3788,91,10459
3789,14,-8965
3790,13,-9150
3791,26,-5966
3792,23,-6594
3793,11,-9529
3794,1,-12150
3795,42,-1862
3796,96,11569
3797,34,-3810
3798,34,-3890
3799,11,-9745
3800,15,-8640
3801,34,-3884
3802,12,-9500
3803,26,-5818
3804,98,12247
3805,33,-4024
3806,1,-12109
3807,12,-9321
3808,66,4039
3809,3,-11655
3810,74,6125
3811,92,10634
3812,76,6547
3813,14,-8913
3814,39,-2698
3815,11,-9733
3816,88,9608
3817,12,-9271
3818,55,1472
3819,26,-5774
3820,79,7332
3821,9,-10100
3822,19,-7718
3823,76,6734
3824,48,-379
3825,1,-12184
3826,76,6586
3827,14,-8933
3828,84,8589
3829,7,-10589
3830,39,-2555
3831,12,-9253
3832,49,-19
3833,13,-9047
3834,84,8642
3835,81,7802
3836,94,11061
3837,0,-12439
3838,89,9917
3839,14,-8917
3840,69,4951
3841,23,-6720
3842,22,-6843
3843,33,-4116
3844,56,1631
3845,11,-9616
3846,12,-9373
3847,96,11518
3848,38,-2931
3849,78,7202
3850,59,2357
3851,8,-10436
3852,95,11499
3853,55,1332
3854,34,-3779
3855,63,3270
3856,19,-7511
3857,27,-5628
3858,14,-8931
3859,5,-11017
3860,87,9309
3861,66,4024
3862,40,-2459
3863,12,-9286
3864,77,6953
3865,5,-11066
3866,4,-11335
3867,29,-5048
3868,77,6811
3869,15,-8680
3870,44,-1394
3871,11,-9525
3872,77,6973
3873,14,-8895
3874,2,-11835
3875,12,-9451
3876,98,12147
3877,9,-10028
3878,95,11444
3879,72,5552
3880,27,-5649
3881,80,7644
3882,43,-1707
3883,98,12144
3884,32,-4429
3885,27,-5698
3886,45,-1170
3887,41,-2174
3888,78,7017
3889,67,4442
3890,18,-7826
3891,16,-8262
3892,58,2003
3893,5,-11008
3894,57,1785
3895,89,9970
3896,1,-12143
3897,5,-11039
3898,73,5797
3899,39,-2526
3900,68,4599
3901,8,-10259
3902,68,4681
3903,30,-4862
3904,5,-11021
3905,74,6074
3906,23,-6730
3907,69,4962
3908,74,6109
3909,16,-8276
3910,23,-6527
3911,12,-9421
3912,96,11679
3913,95,11398
3914,40,-2490
3915,3,-11615
3916,88,9595
3917,3,-11723
3918,26,-5915
3919,2,-11965
3920,75,6287
3921,74,6214
3922,80,7610
3923,14,-8976
3924,77,6988
3925,11,-9635
3926,77,6914
3927,11,-9747
3928,92,10535
3929,16,-8304
3930,59,2338
3931,27,-5568
3932,83,8492
3933,3,-11702
3934,70,5005
3935,15,-8585
3936,19,-7689
3937,75,6378
3938,28,-5459
3939,37,-3048
3940,74,6007
3941,75,6452
3942,76,6509
3943,9,-10217
3944,10,-9990
3945,76,6650
3946,87,9348
3947,13,-9059
3948,93,10783
3949,22,-6848
3950,45,-1243
3951,7,-10749
3952,71,5341
3953,0,-12306
3954,98,12126
3955,57,1820
3956,50,114
3957,14,-8854
3958,89,9965
3959,11,-9725
3960,24,-6433
3961,4,-11387
3962,31,-4619
3963,52,512
3964,86,9059
3965,13,-9235
3966,9,-10209
3967,35,-3740
3968,88,9569
3969,25,-6006
3970,68,4688
3971,12,-9452
3972,97,11974
3973,47,-676
3974,77,6964
3975,2,-11847
3976,99,12271
3977,36,-3492
3978,92,10662
3979,35,-3568
3980,86,9225
3981,7,-10740
3982,10,-9758
3983,12,-9257
3984,99,12367
3985,27,-5566
3986,11,-9623
3987,8,-10251
3988,90,10019
3989,21,-7106
3990,35,-3660
3991,52,528
3992,92,10745
3993,98,12134
3994,27,-5684
3995,34,-3998
3996,86,9043
3997,13,-9131
3998,34,-3803
3999,18,-7896
4000,53,895
4001,70,5188
4002,2,-11784
4003,87,9448
4004,64,3573
4005,94,11024
4006,81,7989
4007,48,-290
4008,73,5825
4009,11,-9693
4010,34,-3943
4011,43,-1518
4012,79,7456
4013,6,-10927
4014,15,-8536
4015,1,-12036
4016,99,12369
4017,10,-9906
4018,17,-8150
4019,22,-6838
4020,97,11890
4021,42,-1824
4022,86,9033
4023,6,-10802
4024,36,-3257
4025,15,-8674
4026,85,8970
4027,0,-12386
4028,92,10512
4029,80,7648
4030,54,1118
4031,15,-8629
4032,24,-6272
4033,28,-5416
4034,53,956
4035,2,-11760
4036,14,-8867
4037,14,-8866
4038,97,11861
4039,99,12456
4040,92,10517
4041,5,-11243
4042,76,6693
4043,15,-8606
4044,90,10067
4045,60,2636
4046,3,-11709
4047,14,-8847
4048,77,6864
4049,24,-6422
4050,1,-12001
4051,30,-4912
4052,55,1388
4053,23,-6520
4054,53,946
4055,38,-2842
4056,27,-5699
4057,7,-10531
4058,5,-11190
4059,90,10022
4060,66,4106
4061,88,9706
4062,68,4697
4063,81,7806
4064,49,-163
4065,80,7726
4066,8,-10333
4067,6,-10828
4068,94,11033
4069,10,-9849
4070,12,-9427
4071,38,-2926
4072,91,10250
4073,54,1246
4074,61,2984
4075,73,5996
4076,61,2949
4077,5,-11006
4078,18,-7987
4079,19,-7610
4080,69,4815
4081,7,-10718
4082,1,-12241
4083,7,-10722
4084,71,5383
4085,89,9958
4086,77,6849
4087,5,-11244
4088,52,637
4089,59,2324
4090,48,-396
4091,38,-2922
4092,85,8919
4093,58,2074
4094,65,3821
4095,94,11044
4096,89,9831
4097,43,-1718
4098,79,7264
4099,32,-4322
4100,92,10607
4101,76,6644
4102,87,9289
4103,8,-10303
4104,24,-6427
4105,8,-10302
4106,74,6032
4107,34,-3948
4108,85,8867
4109,1,-12023
4110,62,3105
4111,24,-6306
4112,67,4469
4113,22,-6918
4114,32,-4260
4115,16,-8425
4116,65,3855
4117,36,-3478
4118,35,-3579
4119,40,-2408
4120,17,-8211
4121,52,656
4122,62,3170
4123,11,-9589
4124,95,11283
4125,13,-9167
4126,8,-10349
4127,9,-10029
4128,64,3543
4129,33,-4244
4130,21,-7032
4131,0,-12422
4132,21,-7059
4133,68,4718
4134,15,-8682
4135,38,-2932
4136,60,2708
4137,7,-10648
4138,28,-5288
4139,84,8680
4140,99,12251
4141,20,-7352
4142,71,5360
4143,7,-10544
4144,64,3722
4145,90,10214
4146,35,-3695
4147,13,-9027
4148,82,8067
4149,0,-12430
4150,81,7973
4151,7,-10542
4152,99,12481
4153,61,2862
4154,64,3674
4155,20,-7444
4156,42,-1997
4157,12,-9367
4158,79,7466
4159,4,-11255
4160,95,11375
4161,14,-8887
4162,68,4636
4163,57,1756
4164,56,1517
4165,65,3770
4166,76,6636
4167,15,-8509
4168,38,-2937
4169,4,-11267
4170,98,12202
4171,15,-8594
4172,85,8883
4173,25,-6160
4174,55,1272
4175,15,-8589
4176,22,-6951
4177,85,8980
4178,26,-5942
4179,59,2392
4180,22,-6948
4181,54,1224
4182,94,11121
4183,12,-9384
4184,63,3495
4185,16,-8494
4186,7,-10659
4187,29,-5180
4188,38,-2949
4189,67,4272
4190,79,7480
4191,23,-6508
4192,82,8100
4193,19,-7704
4194,14,-8868
4195,68,4538
4196,49,-183
4197,98,12212
4198,53,866
4199,83,8336
4200,3,-11584
4201,14,-8969
4202,50,21
4203,54,1164
4204,56,1669
4205,41,-2108
4206,16,-8457
4207,13,-9205
4208,96,11585
4209,3,-11664
4210,80,7513
4211,41,-2098
4212,30,-4939
4213,36,-3436
4214,5,-11195
4215,79,7380
4216,77,6943
4217,92,10656
4218,87,9416
4219,17,-8202
4220,81,7963
4221,11,-9728
4222,79,7341
4223,0,-12414
4224,62,3142
4225,4,-11327
4226,82,8081
4227,12,-9355
4228,94,11102
4229,92,10540
4230,67,4305
4231,36,-3468
4232,98,12176
4233,85,8798
4234,81,7986
4235,75,6292
4236,43,-1701
4237,60,2676
4238,83,8256
4239,58,2014
4240,32,-4273
4241,65,3840
4242,18,-7811
4243,40,-2478
4244,67,4435
4245,38,-2836
4246,71,5354
4247,63,3258
4248,49,-136
4249,10,-9881
4250,37,-3180
4251,10,-9993
4252,30,-4837
4253,7,-10687
4254,4,-11252
4255,13,-9214
4256,96,11717
4257,86,9116
4258,63,3441
4259,52,588
4260,46,-969
4261,22,-6812
4262,72,5581
4263,57,1808
4264,79,7465
4265,9,-10017
4266,24,-6414
4267,10,-9915
4268,54,1151
4269,7,-10747
4270,36,-3315
4271,18,-7958
4272,65,3984
4273,13,-9119
4274,25,-6114
4275,10,-9961
4276,47,-573
4277,16,-8312
4278,4,-11456
4279,75,6408
4280,38,-2871
4281,72,5574
4282,65,3942
4283,86,9070
4284,78,7007
4285,7,-10683
4286,72,5577
4287,16,-8373
4288,63,3405
4289,65,3992
4290,14,-8844
4291,42,-1978
4292,89,9987
4293,12,-9352
4294,71,5461
4295,8,-10413
4296,75,6255
4297,29,-5200
4298,94,11146
4299,19,-7646
4300,98,12075
4301,36,-3300
4302,37,-3088
4303,35,-3692
4304,47,-740
4305,15,-8746
4306,60,2600
4307,15,-8702
4308,54,1230
4309,28,-5380
4310,25,-6175
4311,32,-4368
4312,32,-4481
4313,21,-7232
4314,34,-3790
4315,49,-220
4316,82,8057
4317,16,-8303
4318,79,7453
4319,71,5370
4320,5,-11249
4321,40,-2452
4322,92,10574
4323,25,-6074
4324,63,3356
4325,10,-9785
4326,25,-6167
4327,14,-8761
4328,45,-1187
4329,34,-3850
4330,19,-7688
4331,30,-4762
4332,88,9709
4333,11,-9564
4334,69,4884
4335,13,-9061
4336,56,1618
4337,15,-8643
4338,24,-6295
4339,0,-12326
4340,60,2686
4341,58,2034
4342,92,10733
4343,67,4368
4344,62,3063
4345,60,2514
4346,93,10762
4347,15,-8699
4348,65,3839
4349,75,6460
4350,92,10672
4351,8,-10388
4352,60,2637
4353,9,-10047
4354,54,1009
4355,12,-9489
4356,34,-3860
4357,44,-1368
4358,5,-11073
4359,13,-9077
4360,78,7109
4361,52,594
4362,10,-9780
4363,12,-9294
4364,38,-2933
4365,8,-10460
4366,70,5057
4367,24,-6490
4368,54,1111
4369,6,-10762
4370,7,-10608
4371,16,-8253
4372,91,10292
4373,0,-12387
4374,45,-1216
4375,66,4168
4376,11,-9678
4377,72,5700
4378,46,-871
4379,8,-10403
4380,66,4115
4381,57,1840
4382,5,-11117
4383,9,-10073
4384,80,7661
4385,16,-8449
4386,5,-11019
4387,51,276
4388,8,-10481
4389,20,-7316
4390,85,8928
4391,16,-8377
4392,23,-6522
4393,16,-8281
4394,44,-1332
4395,14,-8841
4396,87,9275
4397,48,-374
4398,12,-9453
4399,28,-5262
4400,43,-1544
4401,86,9206
4402,14,-8935
4403,21,-7084
4404,99,12371
4405,77,6800
4406,5,-11124
4407,0,-12427
4408,90,10241
4409,21,-7072
4410,1,-12215
4411,41,-2072
4412,48,-333
4413,57,1930
4414,54,1012
4415,74,6038
4416,40,-2371
4417,32,-4296
4418,8,-10362
4419,13,-9232
4420,29,-5165
4421,24,-6442
4422,99,12473
4423,88,9502
4424,68,4717
4425,48,-300
4426,50,242
4427,54,1138
4428,97,11947
4429,11,-9519
4430,43,-1511
4431,67,4412
4432,59,2390
4433,2,-11869
4434,92,10717
4435,83,8270
4436,69,4919
4437,0,-12426
4438,88,9670
4439,6,-10824
4440,69,4946
4441,63,3308
4442,89,9944
4443,8,-10291
4444,89,9819
4445,8,-10384
4446,29,-5086
4447,22,-6764
4448,41,-2241
4449,9,-10043
4450,68,4541
4451,99,12276
4452,54,1167
4453,78,7208
4454,54,1225
4455,23,-6580
4456,97,11809
4457,26,-5978
4458,71,5258
4459,31,-4576
4460,48,-437
4461,6,-10849
4462,61,2860
4463,51,348
4464,75,6445
4465,13,-9158
4466,45,-1059
4467,23,-6676
4468,79,7367
4469,54,1008
4470,83,8453
4471,27,-5678
4472,50,240
4473,15,-8513
4474,60,2745
4475,2,-11993
4476,80,7502
4477,20,-7490
4478,29,-5003
4479,48,-350
4480,49,-102
4481,34,-4000
4482,49,-188
4483,13,-9086
4484,68,4532
4485,14,-8875
4486,35,-3531
4487,17,-8061
4488,77,6790
4489,16,-8361
4490,26,-5972
4491,90,10040
4492,66,4075
4493,16,-8395
4494,27,-5708
4495,46,-982
4496,53,983
4497,0,-12353
4498,73,5893
4499,94,11104
4500,64,3744
4501,75,6440
4502,49,-216
4503,4,-11419
4504,53,809
4505,56,1686
4506,58,2065
4507,3,-11575
4508,94,11195
4509,99,12350
4510,82,8157
4511,12,-9266
4512,75,6326
4513,43,-1530
4514,20,-7271
4515,50,202
4516,93,10974
4517,52,610
4518,95,11417
4519,52,592
4520,90,10084
4521,6,-10754
4522,36,-3332
4523,99,12334
4524,62,3003
4525,14,-8929
4526,22,-6767
4527,53,762
4528,82,8028
4529,10,-9896
4530,57,1806
4531,16,-8324
4532,17,-8157
4533,69,4986
4534,15,-8549
4535,14,-8767
4536,91,10293
4537,17,-8073
4538,15,-8677
4539,9,-10207
4540,95,11327
4541,0,-12324
4542,97,11761
4543,31,-4564
4544,83,8353
4545,6,-10792
4546,16,-8466
4547,78,7226
4548,54,1134
4549,13,-9003
4550,32,-4482
4551,36,-3484
4552,35,-3724
4553,54,1156
4554,7,-10730
4555,47,-520
4556,57,1755
4557,16,-8473
4558,43,-1587
4559,91,10272
4560,94,11248
4561,36,-3430
4562,70,5129
4563,78,7054
4564,37,-3215
4565,17,-8086
4566,42,-1906
4567,9,-10011
4568,94,11046
4569,26,-5772
4570,53,838
4571,26,-5778
4572,55,1423
4573,35,-3598
4574,63,3302
4575,20,-7442
4576,63,3337
4577,45,-1246
4578,2,-11966
4579,69,4992
4580,53,799
4581,89,9922
4582,50,181
4583,33,-4208
4584,92,10703
4585,90,10048
4586,97,11892
4587,81,7770
4588,69,4891
4589,38,-2782
4590,91,10440
4591,64,3570
4592,31,-4680
4593,66,4104
4594,92,10592
4595,2,-11858
4596,42,-1766
4597,10,-9935
4598,43,-1731
4599,15,-8621
4600,20,-7351
4601,4,-11424
4602,43,-1671
4603,0,-12391
4604,92,10651
4605,4,-11364
4606,30,-4963
4607,26,-5824
4608,97,11753
4609,6,-10811
4610,64,3549
4611,44,-1366
4612,89,9827
4613,64,3556
4614,98,12056
4615,53,766
4616,29,-5177
4617,13,-9113
4618,36,-3472
4619,2,-11915
4620,82,8111
4621,18,-7968
4622,58,2102
4623,78,7172
4624,4,-11276
4625,3,-11637
4626,97,11886
4627,86,9226
4628,99,12359
4629,12,-9411
4630,18,-7934
4631,21,-7212
4632,79,7351
4633,37,-3200
4634,83,8344
4635,17,-8171
4636,89,9813
4637,6,-10806
4638,83,8413
4639,99,12296
4640,97,11941
4641,12,-9357
4642,53,908
4643,43,-1606
4644,67,4414
4645,70,5086
4646,13,-9026
4647,12,-9440
4648,92,10519
4649,17,-8092
4650,28,-5355
4651,53,792
4652,73,5872
4653,12,-9449
4654,20,-7462
4655,20,-7406
4656,71,5298
4657,10,-9914
4658,34,-3799
4659,10,-9821
4660,79,7461
4661,64,3698
4662,51,266
4663,19,-7726
4664,97,11759
4665,31,-4634
4666,93,10968
4667,3,-11640
4668,79,7473
4669,14,-8919
4670,20,-7438
4671,80,7618
4672,15,-8662
4673,10,-9781
4674,31,-4647
4675,18,-7996
4676,96,11719
4677,4,-11331
4678,11,-9649
4679,91,10328
4680,0,-12252
4681,23,-6564
4682,55,1269
4683,16,-8336
4684,89,9882
4685,63,3432
4686,88,9649
4687,73,5962
4688,53,989
4689,85,8850
4690,96,11594
4691,14,-8804
4692,81,7907
4693,1,-12199
4694,91,10414
4695,18,-7841
4696,86,9120
4697,59,2306
4698,49,-128
4699,75,6336
4700,70,5243
4701,4,-11379
4702,59,2488
4703,46,-752
4704,55,1449
4705,84,8548
4706,31,-4599
4707,35,-3580
4708,79,7423
4709,11,-9731
4710,65,3801
4711,87,9326
4712,46,-855
4713,1,-12196
4714,36,-3287
4715,10,-9825
4716,92,10544
4717,56,1578
4718,4,-11496
4719,31,-4612
4720,62,3103
4721,49,-146
4722,86,9106
4723,16,-8287
4724,52,561
4725,5,-11032
4726,55,1337
4727,37,-3090
4728,43,-1612
4729,70,5208
4730,56,1509
4731,75,6282
4732,87,9447
4733,47,-678
4734,29,-5179
4735,18,-7845
4736,49,-95
4737,43,-1692
4738,21,-7243
4739,17,-8123
4740,62,3006
4741,17,-8175
4742,58,2069
4743,73,5868
4744,61,2943
4745,76,6530
4746,79,7357
4747,43,-1646
4748,91,10323
4749,29,-5170
4750,79,7265
4751,95,11370
4752,64,3559
4753,4,-11407
4754,27,-5715
4755,69,4770
4756,62,3100
4757,32,-4406
4758,25,-6066
4759,35,-3608
4760,20,-7433
4761,24,-6336
4762,93,10938
4763,17,-8158
4764,58,2063
4765,7,-10733
4766,20,-7459
4767,37,-3242
4768,38,-2817
4769,30,-4954
4770,58,2221
4771,4,-11322
4772,53,931
4773,33,-4210
4774,85,8808
4775,29,-5064
4776,64,3594
4777,57,1922
4778,2,-11761
4779,14,-8823
4780,98,12115
4781,81,7992
4782,27,-5559
4783,12,-9277
4784,42,-1775
4785,46,-868
4786,17,-8177
4787,0,-12279
4788,59,2381
4789,9,-10131
4790,2,-11881
4791,57,1754
4792,66,4205
4793,42,-1848
4794,33,-4167
4795,40,-2368
4796,83,8387
4797,1,-12250
4798,51,470
4799,22,-6968
4800,94,11071
4801,24,-6380
4802,28,-5319
4803,85,8954
4804,2,-11765
4805,71,5470
4806,59,2445
4807,17,-8144
4808,84,8690
4809,88,9592
4810,46,-783
4811,7,-10728
4812,63,3307
4813,9,-10137
4814,47,-655
4815,76,6574
4816,20,-7291
4817,4,-11295
4818,91,10498
4819,15,-8514
4820,79,7263
4821,1,-12101
4822,66,4149
4823,13,-9165
4824,11,-9502
4825,25,-6110
4826,85,8797
4827,14,-8842
4828,88,9679
4829,22,-6860
4830,90,10157
4831,70,5004
4832,48,-463
4833,10,-9890
4834,71,5325
4835,61,2888
4836,84,8549
4837,48,-264
4838,17,-8188
4839,35,-3578
4840,88,9669
4841,9,-10072
4842,91,10469
4843,11,-9606
4844,77,6861
4845,47,-670
4846,10,-9989
4847,12,-9461
4848,73,5828
4849,69,4822
4850,70,5213
4851,88,9562
4852,40,-2329
4853,7,-10549
4854,40,-2355
4855,3,-11731
4856,10,-9845
4857,3,-11526
4858,43,-1663
4859,17,-8098
4860,72,5662
4861,92,10676
4862,95,11277
4863,70,5152
4864,57,1993
4865,63,3372
4866,31,-4731
4867,18,-7770
4868,69,4787
4869,18,-7860
4870,48,-259
4871,67,4434
4872,52,602
4873,16,-8367
4874,92,10520
4875,8,-10407
4876,68,4715
4877,25,-6168
4878,66,4053
4879,68,4724
4880,33,-4148
4881,89,9926
4882,42,-1835
4883,67,4350
4884,83,8355
4885,41,-2196
4886,13,-9016
4887,16,-8320
4888,75,6258
4889,42,-1896
4890,53,964
4891,26,-5954
4892,62,3091
4893,41,-2022
4894,39,-2540
4895,16,-8357
4896,23,-6585
4897,97,11802
4898,24,-6303
4899,46,-922
4900,78,7117
4901,9,-10151
4902,11,-9630
4903,14,-8890
4904,74,6006
4905,10,-9822
4906,73,5877
4907,85,8988
4908,86,9227
4909,9,-10233
4910,94,11226
4911,59,2464
4912,52,583
4913,29,-5210
4914,92,10682
4915,82,8142
4916,87,9391
4917,55,1404
4918,60,2573
4919,43,-1678
4920,76,6601
4921,16,-8279
4922,47,-539
4923,9,-10090
4924,81,7801
4925,16,-8389
4926,24,-6496
4927,86,9082
4928,92,10600
4929,18,-7870
4930,83,8329
4931,27,-5572
4932,47,-591
4933,5,-11194
4934,48,-388
4935,18,-7809
4936,43,-1543
4937,34,-3978
4938,33,-4040
4939,28,-5452
4940,92,10667
4941,49,-130
4942,57,1974
4943,6,-10793
4944,49,-82
4945,16,-8263
4946,69,4816
4947,37,-3156
4948,79,7374
4949,75,6308
4950,0,-12360
4951,3,-11645
4952,94,11191
4953,15,-8520
4954,0,-12323
4955,93,10998
4956,64,3587
4957,28,-5376
4958,89,9974
4959,17,-8234
4960,65,3874
4961,26,-5876
4962,60,2689
4963,45,-1228
4964,43,-1665
4965,1,-12170
4966,74,6037
4967,83,8266
4968,70,5146
4969,12,-9308
4970,53,932
4971,42,-1936
4972,74,6154
4973,17,-8053
4974,22,-6931
4975,39,-2626
4976,98,12063
4977,2,-11948
4978,86,9228
4979,74,6008
4980,65,3937
4981,39,-2552
4982,41,-2124
4983,94,11022
4984,98,12183
4985,87,9332
4986,41,-2012
4987,10,-9997
4988,61,2910
4989,12,-9424
4990,22,-6856
4991,31,-4736
4992,77,6967
4993,87,9428
4994,45,-1158
4995,73,5844
4996,98,12231
4997,11,-9656
4998,89,9901
4999,27,-5694
5000,47,-561
5001,19,-7555
5002,38,-2784
5003,66,4242
5004,80,7598
5005,19,-7528
5006,97,11878
5007,24,-6456
5008,27,-5672
5009,9,-10040
5010,75,6361
5011,17,-8187
5012,97,11769
5013,94,11098
5014,4,-11360
5015,33,-4064
5016,78,7245
5017,26,-5926
5018,64,3686
5019,41,-2176
5020,99,12422
5021,28,-5492
5022,80,7606
5023,19,-7566
5024,30,-4907
5025,24,-6478
5026,62,3157
5027,55,1254
5028,8,-10461
5029,31,-4720
5030,45,-1136
5031,35,-3748
5032,83,8436
5033,3,-11530
5034,11,-9558
5035,64,3702
5036,54,1023
5037,14,-8937
5038,57,1773
5039,47,-650
5040,93,10776
5041,10,-9777
5042,67,4285
5043,77,6850
5044,78,7094
5045,4,-11372
5046,0,-12369
5047,99,12412
5048,78,7212
5049,9,-10053
5050,12,-9377
5051,16,-8443
5052,58,2235
5053,91,10444
5054,33,-4034
5055,15,-8633
5056,94,11029
5057,97,11772
5058,81,7920
5059,14,-8771
5060,51,263
5061,46,-918
5062,95,11354
5063,9,-10236
5064,93,10817
5065,11,-9559
5066,42,-1900
5067,18,-7929
5068,78,7211
5069,17,-8172
5070,48,-487
5071,19,-7533
5072,35,-3663
5073,47,-652
5074,74,6080
5075,68,4704
5076,89,9795
5077,15,-8538
5078,73,5762
5079,74,6178
5080,85,8821
5081,2,-11876
5082,1,-12063
5083,68,4638
5084,96,11667
5085,22,-6846
5086,20,-7303
5087,60,2694
5088,64,3680
5089,19,-7514
5090,31,-4519
5091,62,3178
5092,95,11269
5093,75,6344
5094,46,-879
5095,19,-7613
5096,74,6072
5097,33,-4204
5098,88,9690
5099,87,9292
5100,71,5465
5101,62,3236
5102,98,12236
5103,90,10112
5104,95,11358
5105,75,6414
5106,2,-11866
5107,4,-11270
5108,76,6728
5109,57,1868
5110,91,10421
5111,83,8426
5112,39,-2689
5113,20,-7393
5114,70,5128
5115,28,-5494
5116,9,-10165
5117,8,-10318
5118,22,-6975
5119,16,-8405
5120,75,6329
5121,12,-9499
5122,70,5173
5123,6,-10846
5124,78,7037
5125,97,11928
5126,6,-10951
5127,16,-8285
5128,24,-6361
5129,65,3834
5130,91,10340
5131,78,7010
5132,37,-3093
5133,18,-7795
5134,33,-4203
5135,12,-9295
5136,2,-11796
5137,21,-7174
5138,82,8137
5139,79,7402
5140,87,9377
5141,28,-5378
5142,38,-2778
5143,71,5438
5144,66,4134
5145,28,-5310
5146,58,2178
5147,17,-8139
5148,95,11453
5149,68,4722
5150,24,-6291
5151,3,-11593
5152,68,4735
5153,41,-2250
5154,22,-6959
5155,21,-7156
5156,38,-2973
5157,20,-7380
5158,85,8938
5159,44,-1462
5160,63,3429
5161,65,3948
5162,25,-6202
5163,72,5608
5164,87,9467
5165,19,-7687
5166,0,-12432
5167,47,-566
5168,40,-2487
5169,25,-6240
5170,65,3994
5171,3,-11733
5172,96,11545
5173,37,-3070
5174,53,978
5175,97,11882
5176,82,8105
5177,70,5098
5178,12,-9327
5179,60,2696
5180,72,5647
5181,72,5698
5182,33,-4214
5183,19,-7669
5184,78,7167
5185,93,10750
5186,31,-4603
5187,10,-9784
5188,93,10963
5189,4,-11296
5190,15,-8647
5191,81,7954
5192,11,-9622
5193,23,-6696
5194,44,-1335
5195,22,-6876
5196,99,12295
5197,14,-8796
5198,77,6853
5199,18,-7789
5200,83,8313
5201,12,-9407
5202,74,6232
5203,58,2244
5204,89,9996
5205,34,-3754
5206,14,-8987
5207,30,-4810
5208,96,11625
5209,75,6412
5210,64,3733
5211,76,6564
5212,52,698
5213,54,1106
5214,55,1301
5215,68,4540
5216,68,4645
5217,34,-3844
5218,32,-4320
5219,15,-8553
5220,70,5143
5221,36,-3370
5222,68,4700
5223,38,-3000
5224,76,6569
5225,13,-9228
5226,68,4549
5227,77,6770
5228,90,10123
5229,9,-10107
5230,5,-11186
5231,17,-8203
5232,23,-6636
5233,17,-8147
5234,52,657
5235,18,-7925
5236,59,2304
5237,60,2580
5238,15,-8713
5239,16,-8458
5240,91,10360
5241,41,-2118
5242,17,-8103
5243,18,-7964
5244,79,7282
5245,75,6448
5246,9,-10244
5247,44,-1356
5248,63,3431
5249,6,-10976
5250,85,8841
5251,11,-9742
5252,68,4575
5253,50,176
5254,89,9890
5255,61,2986
5256,65,3911
5257,35,-3728
5258,32,-4251
5259,13,-9038
5260,76,6658
5261,62,3000
5262,80,7589
5263,10,-9931
5264,78,7137
5265,73,5968
5266,8,-10441
5267,79,7318
5268,99,12279
5269,34,-3826
5270,20,-7314
5271,1,-12058
5272,87,9277
5273,1,-12004
5274,57,1878
5275,14,-8793
5276,84,8607
5277,13,-9009
5278,40,-2411
5279,7,-10620
5280,53,871
5281,76,6632
5282,80,7534
5283,16,-8339
5284,72,5553
5285,7,-10566
5286,92,10522
5287,62,3072
5288,79,7493
5289,47,-748
5290,98,12018
5291,15,-8593
5292,99,12253
5293,63,3470
5294,10,-9873
5295,52,520
5296,45,-1207
5297,8,-10435
5298,38,-2999
5299,15,-8695
5300,31,-4681
5301,20,-7275
5302,57,1757
5303,26,-5992
5304,4,-11446
5305,50,188
5306,55,1493
5307,18,-7995
5308,87,9293
5309,19,-7727
5310,12,-9475
5311,37,-3058
5312,24,-6412
5313,40,-2276
5314,20,-7277
5315,80,7732
5316,83,8371
5317,87,9268
5318,80,7564
5319,19,-7541
5320,84,8729
5321,49,-166
5322,98,12245
5323,38,-2816
5324,56,1735
5325,73,5800
5326,2,-11922
5327,15,-8725
5328,84,8745
5329,42,-1970
5330,90,10161
5331,25,-6200
5332,49,-211
5333,68,4530
5334,51,341
5335,19,-7677
5336,60,2604
5337,98,12104
5338,2,-11888
5339,21,-7094
5340,95,11355
5341,51,414
5342,5,-11196
5343,19,-7701
5344,28,-5279
5345,32,-4446
5346,91,10441
5347,17,-8145
5348,17,-8126
5349,60,2738
5350,72,5514
5351,17,-8228
5352,38,-2939
5353,11,-9528
5354,13,-9148
5355,88,9582
5356,89,9947
5357,19,-7563
5358,16,-8396
5359,11,-9605
5360,15,-8552
5361,63,3338
5362,40,-2307
5363,4,-11309
5364,68,4527
5365,10,-9919
5366,69,4926
5367,29,-5234
5368,93,10837
5369,18,-7963
5370,81,7756
5371,20,-7347
5372,37,-3085
5373,19,-7633
5374,0,-12446
5375,18,-7829
5376,24,-6426
5377,15,-8669
5378,30,-4850
5379,66,4200
5380,99,12434
5381,34,-3926
5382,14,-8936
5383,59,2404
5384,96,11672
5385,29,-5250
5386,16,-8462
5387,18,-7793
5388,50,75
5389,15,-8740
5390,2,-11987
5391,6,-10920
5392,30,-4851
5393,11,-9715
5394,93,10956
5395,52,556
5396,97,11863
5397,51,384
5398,74,6084
5399,55,1334
5400,84,8617
5401,16,-8437
5402,30,-4803
5403,89,9784
5404,83,8421
5405,16,-8327
5406,34,-3843
5407,66,4012
5408,37,-3003
5409,4,-11316
5410,5,-11240
5411,44,-1260
5412,85,8771
5413,75,6286
5414,33,-4235
5415,77,6956
5416,50,137
5417,27,-5716
5418,18,-7947
5419,1,-12141
5420,86,9175
5421,8,-10492
5422,24,-6498
5423,24,-6418
5424,63,3344
5425,18,-7892
5426,74,6089
5427,9,-10157
5428,76,6592
5429,90,10104
5430,15,-8600
5431,6,-10926
5432,82,8178
5433,64,3728
5434,95,11254
5435,38,-2954
5436,75,6467
5437,93,10784
5438,63,3416
5439,79,7376
5440,23,-6620
5441,19,-7729
5442,12,-9353
5443,28,-5406
5444,66,4247
5445,20,-7463
5446,75,6409
5447,44,-1448
5448,29,-5161
5449,9,-10031
5450,33,-4096
5451,44,-1292
5452,96,11739
5453,8,-10487
5454,8,-10356
5455,56,1730
5456,37,-3028
5457,79,7326
5458,20,-7379
5459,21,-7165
5460,95,11321
5461,68,4620
5462,87,9430
5463,20,-7363
5464,29,-5136
5465,93,10790
5466,76,6724
5467,31,-4664
5468,30,-4817
5469,68,4742
5470,64,3688
5471,19,-7509
5472,16,-8435
5473,13,-9116
5474,16,-8401
5475,18,-7946
5476,24,-6281
5477,32,-4298
5478,81,7833
5479,10,-9858
5480,84,8558
5481,47,-606
5482,58,2140
5483,96,11578
5484,80,7574
5485,11,-9710
5486,73,5785
5487,13,-9103
5488,17,-8205
5489,32,-4420
5490,3,-11622
5491,30,-4986
5492,86,9129
5493,11,-9743
5494,67,4396
5495,6,-10758
5496,96,11733
5497,25,-6154
5498,77,6789
5499,48,-292
5500,93,10895
5501,16,-8423
5502,88,9688
5503,6,-10874
5504,44,-1387
5505,13,-9087
5506,10,-9980
5507,28,-5302
5508,95,11369
5509,20,-7307
5510,87,9366
5511,17,-8025
5512,54,1152
5513,72,5732
5514,85,8872
5515,16,-8433
5516,95,11403
5517,13,-9011
5518,6,-10854
5519,70,5214
5520,18,-7754
5521,31,-4688
5522,67,4265
5523,64,3506
5524,79,7315
5525,20,-7403
5526,38,-2927
5527,29,-5134
5528,34,-3945
5529,27,-5534
5530,20,-7319
5531,53,988
5532,91,10271
5533,67,4346
5534,89,9785
5535,24,-6482
5536,84,8522
5537,18,-7849
5538,25,-6056
5539,59,2316
5540,99,12321
5541,5,-11246
5542,40,-2354
5543,20,-7274
5544,57,1798
5545,11,-9582
5546,66,4217
5547,21,-7007
5548,27,-5677
5549,16,-8294
5550,96,11584
5551,18,-7886
5552,80,7744
5553,19,-7682
5554,55,1469
5555,0,-12445
5556,68,4579
5557,19,-7712
5558,35,-3506
5559,18,-7970
5560,75,6351
5561,79,7394
5562,16,-8347
5563,26,-5922
5564,71,5307
5565,18,-7941
5566,11,-9594
5567,40,-2484
5568,7,-10666
5569,21,-7120
5570,10,-9930
5571,43,-1524
5572,71,5443
5573,23,-6602
5574,29,-5100
5575,19,-7732
5576,96,11748
5577,58,2138
5578,73,5981
5579,14,-8932
5580,82,8241
5581,37,-3054
5582,32,-4435
5583,68,4594
5584,27,-5577
5585,15,-8648
5586,12,-9436
5587,72,5638
5588,97,11843
5589,85,8822
5590,70,5084
5591,18,-7797
5592,85,8887
5593,8,-10432
5594,89,9777
5595,45,-1120
5596,75,6259
5597,65,3914
5598,49,-199
5599,43,-1734
5600,33,-4108
5601,4,-11262
5602,91,10453
5603,71,5376
5604,65,3858
5605,34,-3784
5606,52,540
5607,15,-8518
5608,90,10101
5609,99,12330
5610,53,944
5611,90,10164
5612,96,11731
5613,46,-864
5614,76,6621
5615,28,-5456
5616,58,2087
5617,18,-7884
5618,71,5412
5619,35,-3550
5620,68,4703
5621,89,9908
5622,62,3228
5623,25,-6038
5624,42,-1889
5625,33,-4138
5626,21,-7241
5627,65,3916
5628,57,1814
5629,20,-7435
5630,62,3012
5631,55,1302
5632,28,-5415
5633,4,-11260
5634,63,3388
5635,55,1270
5636,53,967
5637,0,-12290
5638,82,8006
5639,12,-9478
5640,80,7623
5641,10,-9757
5642,47,-623
5643,10,-9876
5644,55,1363
5645,24,-6294
5646,2,-11884
5647,85,8976
5648,84,8575
5649,5,-11063
5650,81,7902
5651,3,-11703
5652,15,-8591
5653,25,-6082
5654,62,3145
5655,4,-11320
5656,38,-2946
5657,80,7724
5658,6,-10863
5659,17,-8125
5660,45,-1012
5661,19,-7714
5662,66,4173
5663,33,-4230
5664,84,8633
5665,31,-4670
5666,13,-9018
5667,14,-8859
5668,98,12067
5669,41,-2016
5670,23,-6626
5671,50,136
5672,2,-11830
5673,15,-8580
5674,1,-12033
5675,34,-3836
5676,99,12347
5677,9,-10034
5678,91,10445
5679,3,-11558
5680,67,4256
5681,22,-6859
5682,84,8618
5683,15,-8532
5684,27,-5517
5685,87,9388
5686,82,8077
5687,0,-12277
5688,70,5095
5689,84,8654
5690,63,3368
5691,1,-12187
5692,98,12237
5693,32,-4356
5694,20,-7373
5695,73,5982
5696,68,4725
5697,62,3064
5698,52,670
5699,8,-10391
5700,43,-1720
5701,18,-7758
5702,85,8949
5703,56,1644
5704,68,4551
5705,24,-6370
5706,74,6040
5707,31,-4598
5708,95,11299
5709,16,-8277
5710,14,-8795
5711,30,-4806
5712,33,-4179
5713,15,-8715
5714,26,-5943
5715,70,5116
5716,23,-6572
5717,23,-6554
5718,38,-2843
5719,22,-6933
5720,60,2566
5721,0,-12410
5722,88,9518
5723,15,-8533
5724,89,9971
5725,6,-10862
5726,97,11945
5727,19,-7583
5728,92,10589
5729,12,-9291
5730,38,-2850
5731,2,-11935
5732,91,10263
5733,33,-4090
5734,1,-12050
5735,53,980
5736,81,7766
5737,45,-1222
5738,41,-2228
5739,58,2202
5740,65,3995
5741,83,8268
5742,95,11485
5743,22,-6949
5744,21,-7125
5745,2,-11868
5746,58,2229
5747,62,3184
5748,48,-287
5749,9,-10046
5750,87,9469
5751,5,-11115
5752,67,4326
5753,28,-5396
5754,20,-7450
5755,69,4938
5756,75,6393
5757,9,-10071
5758,65,3926
5759,36,-3356
5760,28,-5313
5761,60,2510
5762,96,11557
5763,68,4674
5764,31,-4715
5765,84,8546
5766,64,3610
5767,72,5568
5768,94,11213
5769,20,-7496
5770,83,8378
5771,32,-4480
5772,86,9103
5773,44,-1374
5774,42,-1886
5775,19,-7585
5776,87,9329
5777,41,-2198
5778,78,7053
5779,17,-8133
5780,93,10835
5781,6,-10972
5782,99,12494
5783,1,-12077
5784,35,-3737
5785,9,-10185
5786,93,10996
5787,15,-8586
5788,67,4432
5789,40,-2346
5790,44,-1476
5791,7,-10657
5792,42,-1897
5793,11,-9637
5794,30,-4828
5795,97,11936
5796,42,-1982
5797,2,-11910
5798,10,-9843
5799,74,6002
5800,9,-10136
5801,13,-9211
5802,2,-11992
5803,36,-3388
5804,67,4347
5805,33,-4016
5806,38,-2888
5807,30,-4944
5808,72,5576
5809,13,-9246
5810,49,-27
5811,88,9546
5812,91,10499
5813,39,-2506
5814,65,3913
5815,38,-2832
5816,29,-5112
5817,19,-7623
5818,96,11673
5819,25,-6090
5820,71,5459
5821,14,-8817
5822,26,-5986
5823,19,-7589
5824,96,11724
5825,23,-6750
5826,49,-26
5827,24,-6428
5828,47,-711
5829,56,1628
5830,55,1381
5831,79,7406
5832,52,668
5833,18,-7955
5834,40,-2479
5835,62,3128
5836,83,8491
5837,80,7524
5838,60,2534
5839,4,-11318
5840,56,1702
5841,4,-11402
5842,65,3888
5843,99,12290
5844,53,991
5845,9,-10110
5846,57,1890
5847,15,-8735
5848,23,-6601
5849,1,-12125
5850,27,-5519
5851,26,-5962
5852,45,-1093
5853,15,-8710
5854,66,4202
5855,48,-270
5856,95,11289
5857,0,-12396
5858,20,-7447
5859,95,11280
5860,60,2633
5861,79,7304
5862,8,-10420
5863,44,-1384
5864,63,3472
5865,4,-11434
5866,64,3718
5867,19,-7517
5868,91,10443
5869,15,-8743
5870,88,9593
5871,18,-7761
5872,85,8999
5873,22,-6785
5874,65,3929
5875,18,-7871
5876,77,6819
5877,22,-6763
5878,85,8766
5879,42,-1874
5880,23,-6582
5881,11,-9739
5882,30,-4999
5883,74,6004
5884,57,1851
5885,42,-1784
5886,19,-7578
5887,64,3520
5888,57,1802
5889,13,-9124
5890,40,-2367
5891,6,-10801
5892,41,-2129
5893,22,-6792
5894,47,-738
5895,23,-6741
5896,90,10006
5897,30,-4820
5898,34,-3999
5899,10,-9946
5900,98,12123
5901,49,-12
5902,22,-6770
5903,17,-8037
5904,18,-7867
5905,16,-8340
5906,48,-258
5907,10,-9883
5908,61,2931
5909,3,-11676
5910,4,-11297
5911,33,-4002
5912,98,12133
5913,1,-12075
5914,38,-2955
5915,18,-7804
5916,94,11187
5917,33,-4194
5918,23,-6619
5919,74,6218
5920,72,5653
5921,27,-5630
5922,53,765
5923,13,-9151
5924,52,604
5925,6,-10809
5926,51,369
5927,43,-1666
5928,89,9802
5929,21,-7098
5930,8,-10283
5931,63,3496
5932,39,-2685
5933,13,-9247
5934,98,12096
5935,34,-3982
5936,61,2903
5937,7,-10713
5938,23,-6515
5939,22,-6890
5940,87,9313
5941,93,10822
5942,84,8693
5943,54,1000
5944,65,3887
5945,9,-10241
5946,2,-11779
5947,40,-2332
5948,93,10985
5949,14,-8869
5950,9,-10196
5951,23,-6677
5952,51,257
5953,20,-7387
5954,84,8740
5955,11,-9501
5956,1,-12012
5957,3,-11536
5958,77,6788
5959,17,-8169
5960,37,-3230
5961,20,-7452
5962,42,-1915
5963,15,-8548
5964,78,7179
5965,16,-8434
5966,10,-9945
5967,94,11076
5968,44,-1457
5969,2,-11970
5970,95,11261
5971,67,4478
5972,87,9411
5973,4,-11427
5974,60,2574
5975,18,-7966
5976,74,6135
5977,61,2922
5978,32,-4443
5979,36,-3398
5980,83,8364
5981,72,5538
5982,27,-5614
5983,22,-6965
5984,82,8092
5985,50,230
5986,56,1689
5987,19,-7741
5988,99,12451
5989,0,-12473
5990,96,11665
5991,3,-11553
5992,15,-8565
5993,19,-7705
5994,80,7517
5995,44,-1372
5996,63,3259
5997,38,-2906
5998,50,178
5999,19,-7592
6000,48,-343
6001,18,-7861
6002,19,-7707
6003,13,-9094
6004,71,5458
6005,10,-9795
6006,26,-5874
6007,29,-5024
6008,51,374
6009,55,1324
6010,96,11590
6011,11,-9719
6012,85,8763
6013,21,-7058
6014,10,-9838
6015,50,90
6016,88,9700
6017,67,4450
6018,19,-7521
6019,59,2442
6020,58,2047
6021,95,11288
6022,35,-3628
6023,80,7730
6024,90,10029
6025,93,10800
6026,14,-8791
6027,24,-6282
6028,92,10643
6029,2,-11988
6030,0,-12455
6031,21,-7099
6032,78,7239
6033,22,-6873
6034,31,-4574
6035,5,-11238
6036,99,12275
6037,15,-8546
6038,27,-5560
6039,52,730
6040,77,6911
6041,49,-210
6042,68,4576
6043,47,-610
6044,92,10701
6045,56,1518
6046,20,-7431
6047,17,-8221
6048,12,-9272
6049,27,-5548
6050,22,-6752
6051,46,-968
6052,91,10413
6053,45,-1194
6054,89,9844
6055,11,-9704
6056,17,-8026
6057,54,1210
6058,20,-7362
6059,1,-12137
6060,81,7880
6061,32,-4398
6062,85,8965
6063,12,-9317
6064,70,5217
6065,42,-1962
6066,55,1385
6067,16,-8412
6068,74,6129
6069,21,-7236
6070,13,-9097
6071,82,8126
6072,89,9842
6073,35,-3532
6074,68,4693
6075,24,-6471
6076,85,8785
6077,27,-5528
6078,46,-907
6079,33,-4036
6080,53,916
6081,91,10276
6082,87,9406
6083,64,3644
6084,93,10929
6085,46,-886
6086,47,-584
6087,56,1532
6088,25,-6180
6089,72,5690
6090,59,2482
6091,10,-9800
6092,73,5980
6093,21,-7116
6094,60,2548
6095,13,-9013
6096,51,277
6097,18,-7913
6098,21,-7198
6099,17,-8030
6100,86,9123
6101,83,8292
6102,6,-10892
6103,5,-11103
6104,54,1038
6105,67,4292
6106,35,-3704
6107,23,-6591
6108,98,12023
6109,85,8768
6110,59,2409
6111,18,-7909
6112,69,4757
6113,19,-7505
6114,23,-6516
6115,56,1658
6116,47,-534
6117,4,-11490
6118,16,-8333
6119,81,7804
6120,81,7871
6121,70,5046
6122,84,8573
6123,47,-580
6124,86,9187
6125,87,9450
6126,5,-11163
6127,23,-6673
6128,91,10407
6129,44,-1478
6130,94,11245
6131,23,-6645
6132,87,9495
6133,29,-5046
6134,15,-8650
6135,92,10586
6136,18,-7776
6137,19,-7605
6138,77,6885
6139,62,3014
6140,66,4059
6141,34,-3970
6142,89,9792
6143,40,-2270
6144,56,1733
6145,6,-10873
6146,51,281
6147,12,-9413
6148,90,10195
6149,6,-10765
6150,14,-8816
6151,18,-7846
6152,95,11476
6153,53,824
6154,70,5229
6155,55,1494
6156,56,1536
6157,86,9142
6158,4,-11473
6159,21,-7195
6160,98,12103
6161,16,-8388
6162,73,5876
6163,52,564
6164,59,2485
6165,19,-7536
6166,41,-2106
6167,31,-4506
6168,40,-2366
6169,8,-10273
6170,63,3444
6171,53,852
6172,67,4353
6173,86,9192
6174,55,1452
6175,28,-5270
6176,40,-2335
6177,96,11572
6178,35,-3658
6179,10,-9834
6180,43,-1697
6181,39,-2524
6182,28,-5343
6183,25,-6236
6184,43,-1534
6185,23,-6712
6186,48,-406
6187,16,-8278
6188,58,2167
6189,0,-12464
6190,19,-7639
6191,60,2530
6192,88,9521
6193,35,-3634
6194,99,12325
6195,19,-7721
6196,56,1699
6197,68,4610
6198,26,-5948
6199,1,-12152
6200,72,5607
6201,67,4370
6202,70,5158
6203,46,-784
6204,36,-3469
6205,9,-10118
6206,94,11165
6207,67,4428
6208,13,-9117
6209,22,-6883
6210,36,-3475
6211,22,-6761
6212,3,-11734
6213,5,-11084
6214,41,-2070
6215,1,-12176
6216,79,7372
6217,47,-620
6218,54,1169
6219,63,3412
6220,41,-2081
6221,36,-3270
6222,64,3568
6223,24,-6415
6224,4,-11451
6225,45,-1062
6226,4,-11328
6227,88,9628
6228,45,-1156
6229,0,-12376
6230,36,-3374
6231,86,9062
6232,76,6545
6233,3,-11629
6234,6,-10922
6235,13,-9073
6236,68,4577
6237,1,-12132
6238,48,-328
6239,22,-6901
6240,37,-3094
6241,11,-9626
6242,95,11464
6243,96,11508
6244,88,9701
6245,32,-4388
6246,1,-12185
6247,30,-4774
6248,73,5830
6249,21,-7046
6250,34,-3963
6251,15,-8727
6252,60,2699
6253,63,3478
6254,68,4741
6255,28,-5488
6256,5,-11069
6257,1,-12243
6258,55,1264
6259,22,-6774
6260,86,9171
6261,58,2072
6262,15,-8582
6263,31,-4640
6264,95,11367
6265,24,-6268
6266,61,2816
6267,24,-6417
6268,79,7291
6269,20,-7389
6270,61,2924
6271,23,-6723
6272,70,5104
6273,52,640
6274,16,-8453
6275,84,8598
6276,74,6191
6277,21,-7101
6278,91,10325
6279,84,8588
6280,66,4191
6281,20,-7375
6282,36,-3268
6283,23,-6623
6284,81,7904
6285,50,126
6286,24,-6297
6287,93,10874
6288,44,-1415
6289,19,-7593
6290,35,-3744
6291,17,-8013
6292,49,-217
6293,96,11500
6294,5,-11198
6295,63,3346
6296,98,12208
6297,50,128
6298,37,-3219
6299,14,-8863
6300,55,1490
6301,19,-7667
6302,50,89
6303,82,8188
6304,44,-1265
6305,33,-4250
6306,40,-2467
6307,71,5454
6308,59,2483
6309,31,-4602
6310,99,12293
6311,33,-4130
6312,14,-8803
6313,25,-6250
6314,92,10556
6315,16,-8321
6316,91,10295
6317,48,-380
6318,72,5508
6319,61,2890
6320,71,5476
6321,16,-8372
6322,22,-6829
6323,12,-9316
6324,29,-5249
6325,87,9454
6326,30,-4871
6327,17,-8173
6328,92,10575
6329,6,-10989
6330,12,-9393
6331,17,-8045
6332,63,3443
6333,51,450
6334,13,-9227
6335,61,2950
6336,51,313
6337,10,-9902
6338,65,3752
6339,38,-2908
6340,91,10403
6341,67,4362
6342,33,-4231
6343,88,9708
6344,24,-6284
6345,38,-2754
6346,78,7125
6347,83,8294
6348,86,9003
6349,40,-2296
6350,67,4317
6351,20,-7440
6352,85,8829
6353,14,-8770
6354,69,4821
6355,22,-6781
6356,81,7865
6357,20,-7404
6358,53,841
6359,0,-12497
6360,76,6743
6361,16,-8370
6362,23,-6685
6363,37,-3076
6364,99,12379
6365,65,3890
6366,12,-9283
6367,24,-6421
6368,87,9400
6369,4,-11332
6370,95,11273
6371,85,8944
6372,51,355
6373,45,-1094
6374,41,-2110
6375,20,-7424
6376,80,7577
6377,28,-5470
6378,90,10168
6379,19,-7740
6380,97,11979
6381,87,9352
6382,55,1268
6383,85,8852
6384,35,-3527
6385,29,-5096
6386,71,5292
6387,66,4026
6388,86,9181
6389,55,1492
6390,32,-4450
6391,55,1420
6392,50,56
6393,83,8290
6394,62,3084
6395,13,-9170
6396,85,8931
6397,8,-10261
6398,39,-2732
6399,23,-6517
6400,17,-8032
6401,90,10190
6402,74,6093
6403,4,-11273
6404,54,1175
6405,99,12384
6406,3,-11644
6407,9,-10156
6408,73,5946
6409,53,804
6410,50,133
6411,21,-7175
6412,61,2763
6413,61,2912
6414,42,-1786
6415,22,-6885
6416,99,12439
6417,44,-1344
6418,23,-6642
6419,46,-946
6420,48,-419
6421,10,-9994
6422,7,-10703
6423,22,-6861
6424,57,1815
6425,22,-6913
6426,13,-9020
6427,7,-10675
6428,78,7087
6429,18,-7979
6430,10,-9853
6431,12,-9265
6432,78,7081
6433,13,-9159
6434,88,9734
6435,8,-10374
6436,37,-3179
6437,77,6924
6438,91,10420
6439,17,-8184
6440,95,11399
6441,50,2
6442,71,5456
6443,97,11842
6444,77,6915
6445,6,-10753
6446,45,-1090
6447,85,8914
6448,46,-872
6449,24,-6457
6450,84,8616
6451,94,11014
6452,67,4467
6453,16,-8394
6454,42,-1950
6455,33,-4104
6456,59,2337
6457,16,-8459
6458,71,5302
6459,65,3848
6460,62,3148
6461,2,-11843
6462,48,-482
6463,17,-8229
6464,76,6623
6465,14,-8782
6466,46,-859
6467,42,-1948
6468,36,-3355
6469,25,-6122
6470,96,11704
6471,49,-34
6472,98,12095
6473,58,2024
6474,72,5578
6475,23,-6733
6476,73,5793
6477,23,-6734
6478,52,565
6479,63,3280
6480,45,-1083
6481,45,-1122
6482,79,7266
6483,15,-8639
6484,64,3614
6485,94,11176
6486,23,-6668
6487,33,-4224
6488,95,11295
6489,21,-7163
6490,54,1241
6491,4,-11317
6492,89,9856
6493,45,-1050
6494,34,-3903
6495,16,-8311
6496,48,-391
6497,14,-8894
6498,55,1465
6499,55,1476
6500,47,-669
6501,9,-10116
6502,62,3068
6503,97,11818
6504,58,2218
6505,8,-10401
6506,74,6116
6507,42,-1838
6508,26,-5953
6509,13,-9157
6510,31,-4611
6511,25,-6021
6512,86,9158
6513,84,8652
6514,8,-10425
6515,57,1860
6516,82,8019
6517,72,5670
6518,45,-1075
6519,13,-9037
6520,43,-1729
6521,18,-7799
6522,28,-5455
6523,10,-9789
6524,57,1751
6525,18,-7961
6526,63,3350
6527,79,7482
6528,90,10129
6529,25,-6107
6530,48,-459
6531,59,2260
6532,44,-1453
6533,97,11900
6534,54,1154
6535,13,-9100
6536,60,2743
6537,90,10082
6538,97,11922
6539,51,498
6540,97,11939
6541,17,-8155
6542,31,-4702
6543,9,-10164
6544,65,3956
6545,12,-9402
6546,93,10765
6547,20,-7421
6548,27,-5592
6549,3,-11574
6550,79,7378
6551,39,-2616
6552,68,4510
6553,29,-5188
6554,66,4204
6555,15,-8590
6556,76,6565
6557,23,-6612
6558,63,3326
6559,73,5922
6560,71,5277
6561,9,-10195
6562,47,-540
6563,17,-8152
6564,64,3504
6565,38,-2774
6566,4,-11497
6567,15,-8672
6568,90,10169
6569,85,8916
6570,82,8001
6571,30,-4822
6572,74,6022
6573,14,-8801
6574,22,-6934
6575,23,-6709
6576,78,7126
6577,66,4152
6578,62,3192
6579,75,6364
6580,47,-541
6581,91,10494
6582,7,-10726
6583,30,-4910
6584,85,8791
6585,20,-7388
6586,17,-8185
6587,21,-7237
6588,93,10991
6589,30,-4756
6590,51,492
6591,24,-6485
6592,51,493
6593,72,5554
6594,4,-11354
6595,25,-6133
6596,60,2552
6597,64,3624
6598,7,-10734
6599,22,-6957
6600,99,12389
6601,56,1662
6602,49,-227
6603,77,6768
6604,84,8529
6605,58,2174
6606,73,5810
6607,9,-10094
6608,21,-7040
6609,10,-9965
6610,34,-3840
6611,17,-8195
6612,30,-4857
6613,69,4812
6614,12,-9297
6615,13,-9076
6616,37,-3065
6617,49,-218
6618,34,-3930
6619,57,1932
6620,73,5943
6621,73,5836
6622,9,-10240
6623,18,-7821
6624,75,6492
6625,4,-11408
6626,34,-3834
6627,22,-6925
6628,54,1031
6629,7,-10518
6630,21,-7239
6631,54,1058
6632,58,2055
6633,22,-6971
6634,88,9510
6635,6,-10855
6636,93,10975
6637,24,-6350
6638,53,857
6639,60,2716
6640,80,7544
6641,17,-8115
6642,90,10165
6643,20,-7419
6644,91,10265
6645,48,-312
6646,70,5233
6647,7,-10645
6648,79,7273
6649,84,8514
6650,33,-4099
6651,41,-2050
6652,66,4123
6653,16,-8465
6654,67,4345
6655,77,6880
6656,68,4679
6657,78,7138
6658,35,-3583
6659,20,-7333
6660,82,8079
6661,98,12242
6662,33,-4135
6663,25,-6093
6664,32,-4449
6665,69,4784
6666,69,4834
6667,47,-734
6668,58,2155
6669,21,-7246
6670,34,-3888
6671,24,-6369
6672,71,5457
6673,17,-8219
6674,44,-1306
6675,91,10484
6676,70,5062
6677,25,-6141
6678,35,-3571
6679,26,-5839
6680,47,-518
6681,21,-7073
6682,5,-11199
6683,3,-11715
6684,84,8543
6685,33,-4014
6686,79,7349
6687,16,-8451
6688,87,9453
6689,23,-6729
6690,76,6721
6691,98,12118
6692,56,1599
6693,25,-6215
6694,63,3449
6695,28,-5442
6696,43,-1657
6697,98,12060
6698,38,-2864
6699,75,6254
6700,70,5107
6701,26,-5913
6702,60,2557
6703,64,3632
6704,53,953
6705,43,-1588
6706,1,-12088
6707,83,8422
6708,75,6407
6709,9,-10150
6710,69,4820
6711,26,-5901
6712,7,-10702
6713,37,-3116
6714,41,-2028
6715,16,-8489
6716,81,7767
6717,85,8886
6718,86,9097
6719,50,152
6720,94,11160
6721,14,-8815
6722,28,-5278
6723,20,-7298
6724,68,4531
6725,80,7568
6726,59,2453
6727,22,-6981
6728,47,-697
6729,3,-11707
6730,29,-5036
6731,36,-3368
6732,68,4583
6733,64,3612
6734,64,3566
6735,44,-1456
6736,88,9680
6737,13,-9066
6738,14,-8787
6739,1,-12095
6740,91,10316
6741,3,-11504
6742,23,-6628
6743,50,78
6744,98,12037
6745,53,992
6746,10,-9938
6747,65,3814
6748,45,-1233
6749,24,-6491
6750,56,1637
6751,22,-6865
6752,70,5007
6753,25,-6206
6754,8,-10282
6755,29,-5194
6756,98,12099
6757,15,-8583
6758,99,12413
6759,32,-4462
6760,83,8262
6761,28,-5342
6762,70,5105
6763,92,10548
6764,93,10812
6765,23,-6549
6766,18,-7915
6767,27,-5508
6768,32,-4408
6769,54,1208
6770,12,-9318
6771,6,-10759
6772,65,3903
6773,19,-7572
6774,5,-11012
6775,22,-6917
6776,89,9941
6777,12,-9467
6778,54,1176
6779,89,9788
6780,75,6427
6781,11,-9568
6782,92,10558
6783,36,-3260
6784,19,-7670
6785,0,-12371
6786,7,-10523
6787,71,5266
6788,89,9887
6789,4,-11256
6790,63,3497
6791,9,-10042
6792,40,-2313
6793,21,-7034
6794,86,9198
6795,19,-7539
6796,84,8555
6797,25,-6185
6798,14,-8883
6799,87,9496
6800,49,-129
6801,20,-7257
6802,55,1393
6803,37,-3212
6804,67,4259
6805,90,10204
6806,60,2624
6807,99,12480
6808,92,10552
6809,44,-1500
6810,20,-7398
6811,51,360
6812,62,3033
6813,93,10868
6814,8,-10478
6815,54,1170
6816,46,-771
6817,14,-8778
6818,76,6654
6819,29,-5166
6820,99,12352
6821,3,-11641
6822,1,-12094
6823,0,-12474
6824,49,-145
6825,68,4560
6826,24,-6321
6827,26,-5857
6828,96,11663
6829,13,-9221
6830,0,-12347
6831,0,-12384
6832,75,6485
6833,47,-692
6834,39,-2595
6835,50,28
6836,87,9431
6837,84,8510
6838,69,4909
6839,21,-7105
6840,67,4271
6841,23,-6593
6842,2,-11974
6843,77,6752
6844,50,200
6845,10,-9925
6846,76,6637
6847,85,8796
6848,43,-1508
6849,59,2356
6850,50,74
6851,3,-11713
6852,36,-3261
6853,62,3136
6854,38,-2968
6855,27,-5663
6856,11,-9569
6857,93,10904
6858,4,-11346
6859,35,-3676
6860,70,5163
6861,53,784
6862,32,-4291
6863,63,3464
6864,70,5063
6865,83,8332
6866,78,7153
6867,41,-2104
6868,72,5666
6869,61,2846
6870,46,-755
6871,35,-3672
6872,55,1431
6873,21,-7173
6874,40,-2431
6875,17,-8042
6876,95,11427
6877,19,-7653
6878,59,2421
6879,23,-6649
6880,69,4825
6881,6,-10757
6882,19,-7700
6883,14,-8915
6884,11,-9702
6885,22,-6907
6886,98,12029
6887,50,20
6888,35,-3673
6889,15,-8569
6890,23,-6748
6891,19,-7587
6892,93,10943
6893,1,-12032
6894,91,10405
6895,78,7142
6896,66,4226
6897,20,-7268
6898,28,-5254
6899,59,2368
6900,98,12087
6901,14,-8786
6902,44,-1484
6903,22,-6943
6904,82,8225
6905,54,1022
6906,59,2330
6907,93,10952
6908,79,7483
6909,27,-5739
6910,83,8382
6911,13,-9173
6912,51,429
6913,5,-11141
6914,40,-2424
6915,34,-3910
6916,97,11927
6917,2,-11963
6918,78,7177
6919,77,6778
6920,93,10882
6921,82,8174
6922,19,-7672
6923,0,-12294
6924,55,1253
6925,22,-6952
6926,15,-8741
6927,27,-5583
6928,90,10246
6929,15,-8658
6930,17,-8161
6931,0,-12313
6932,66,4096
6933,24,-6262
6934,31,-4551
6935,88,9692
6936,83,8440
6937,24,-6359
6938,38,-2872
6939,1,-12043
6940,54,1135
6941,22,-6903
6942,63,3390
6943,54,1074
6944,42,-1960
6945,80,7668
6946,56,1708
6947,3,-11602
6948,5,-11099
6949,49,-238
6950,99,12329
6951,24,-6446
6952,20,-7258
6953,1,-12181
6954,78,7001
6955,41,-2076
6956,88,9735
6957,17,-8168
6958,40,-2386
6959,62,3124
6960,94,11096
6961,14,-8971
6962,82,8249
6963,86,9144
6964,87,9285
6965,27,-5593
6966,60,2684
6967,38,-2786
6968,79,7478
6969,21,-7121
6970,56,1522
6971,24,-6393
6972,95,11264
6973,31,-4516
6974,3,-11682
6975,34,-3996
6976,33,-4212
6977,36,-3382
6978,36,-3251
6979,18,-7783
6980,71,5405
6981,63,3276
6982,67,4301
6983,0,-12350
6984,46,-985
6985,48,-276
6986,87,9300
6987,7,-10564
6988,36,-3341
6989,9,-10172
6990,78,7021
6991,29,-5080
6992,66,4143
6993,7,-10647
6994,98,12009
6995,42,-1946
6996,73,5891
6997,12,-9296
6998,4,-11290
6999,15,-8675
7000,96,11519
7001,31,-4514
7002,30,-4926
7003,23,-6577
7004,91,10495
7005,24,-6275
7006,14,-8849
7007,27,-5693
7008,87,9463
7009,88,9520
7010,53,881
7011,22,-6877
7012,47,-593
7013,2,-11909
7014,92,10685
7015,6,-10990
7016,47,-552
7017,18,-7999
7018,98,12185
7019,23,-6532
7020,69,4960
7021,1,-12217
7022,45,-1184
7023,23,-6525
7024,16,-8438
7025,12,-9258
7026,34,-3956
7027,23,-6531
7028,63,3411
7029,79,7336
7030,17,-8049
7031,33,-4022
7032,38,-2913
7033,41,-2078
7034,19,-7545
7035,51,462
7036,64,3593
7037,46,-930
7038,23,-6562
7039,59,2496
7040,51,346
7041,6,-10877
7042,97,11841
7043,56,1640
7044,82,8243
7045,29,-5108
7046,83,8314
7047,67,4314
7048,73,5769
7049,12,-9323
7050,7,-10653
7051,26,-5955
7052,52,684
7053,17,-8119
7054,27,-5740
7055,63,3414
7056,75,6437
7057,96,11648
7058,2,-11751
7059,27,-5621
7060,29,-5217
7061,18,-7938
7062,1,-12065
7063,59,2386
7064,99,12341
7065,46,-786
7066,4,-11313
7067,59,2312
7068,51,481
7069,45,-1054
7070,52,713
7071,77,6810
7072,16,-8486
7073,71,5478
7074,80,7573
7075,34,-3988
7076,52,563
7077,27,-5704
7078,98,12001
7079,79,7416
7080,50,69
7081,10,-9860
7082,86,9030
7083,41,-2002
7084,0,-12420
7085,28,-5280
7086,89,9993
7087,25,-6245
7088,65,3838
7089,93,10830
7090,88,9509
7091,94,11006
7092,64,3651
7093,44,-1334
7094,95,11325
7095,96,11630
7096,85,8818
7097,13,-9029
7098,81,7776
7099,50,120
7100,84,8562
7101,22,-6789
7102,21,-7113
7103,46,-818
7104,47,-569
7105,25,-6178
7106,53,836
7107,93,10940
7108,54,1055
7109,18,-7997
7110,73,5801
7111,45,-1014
7112,96,11674
7113,57,1908
7114,37,-3223
7115,29,-5140
7116,64,3641
7117,18,-7983
7118,48,-355
7119,5,-11136
7120,70,5238
7121,7,-10625
7122,91,10261
7123,24,-6449
7124,71,5494
7125,47,-512
7126,70,5113
7127,26,-5977
7128,46,-835
7129,30,-4886
7130,97,11814
7131,92,10598
7132,47,-531
7133,8,-10328
7134,1,-12207
7135,9,-10181
7136,84,8570
7137,10,-9979
7138,30,-4955
7139,92,10654
7140,65,3989
7141,45,-1204
7142,4,-11357
7143,14,-8779
7144,78,7119
7145,0,-12273
7146,41,-2024
7147,64,3626
7148,63,3323
7149,42,-1850
7150,37,-3170
7151,77,6898
7152,92,10655
7153,92,10722
7154,64,3541
7155,53,860
7156,89,9783
7157,23,-6546
7158,51,416
7159,19,-7532
7160,72,5663
7161,28,-5374
7162,66,4245
7163,58,2132
7164,93,10939
7165,10,-9839
7166,44,-1395
7167,22,-6757
7168,65,3804
7169,48,-304
7170,22,-6924
7171,14,-8783
7172,93,10780
7173,61,2830
7174,77,6965
7175,16,-8413
7176,80,7641
7177,29,-5010
7178,6,-10870
7179,27,-5703
7180,44,-1283
7181,67,4476
7182,55,1445
7183,58,2190
7184,68,4525
7185,27,-5505
7186,76,6548
7187,58,2222
7188,67,4499
7189,12,-9477
7190,23,-6688
7191,1,-12059
7192,68,4591
7193,52,530
7194,95,11394
7195,2,-11968
7196,61,2800
7197,82,8026
7198,82,8093
7199,37,-3160
7200,24,-6300
7201,42,-1774
7202,55,1373
7203,95,11428
7204,79,7490
7205,21,-7196
7206,16,-8325
7207,2,-11817
7208,76,6649
7209,27,-5633
7210,51,496
7211,18,-7806
7212,93,10999
7213,24,-6429
7214,79,7293
7215,25,-6127
7216,99,12337
7217,94,11198
7218,21,-7079
7219,26,-5881
7220,88,9689
7221,12,-9389
7222,43,-1714
7223,2,-11980
7224,92,10537
7225,84,8614
7226,79,7462
7227,18,-7967
7228,93,10979
7229,20,-7410
7230,65,3802
7231,14,-8780
7232,64,3669
7233,24,-6368
7234,83,8393
7235,9,-10015
7236,82,8227
7237,10,-9911
7238,10,-9829
7239,36,-3274
7240,88,9674
7241,52,638
7242,9,-10065
7243,31,-4592
7244,90,10231
7245,24,-6345
7246,91,10481
7247,12,-9486
7248,84,8671
7249,35,-3620
7250,17,-8226
7251,59,2474
7252,95,11340
7253,72,5634
7254,74,6133
7255,28,-5266
7256,52,589
7257,13,-9034
7258,59,2492
7259,46,-832
7260,61,2908
7261,40,-2290
7262,58,2038
7263,28,-5454
7264,2,-11899
7265,29,-5148
7266,38,-2799
7267,71,5390
7268,61,2979
7269,42,-1958
7270,2,-11842
7271,95,11418
7272,83,8463
7273,48,-336
7274,66,4009
7275,18,-7827
7276,39,-2621
7277,30,-4872
7278,86,9222
7279,25,-6230
7280,72,5613
7281,66,4124
7282,56,1670
7283,65,3998
7284,61,2809
7285,11,-9521
7286,45,-1110
7287,55,1380
7288,18,-7986
7289,18,-7937
7290,98,12188
7291,11,-9604
7292,98,12166
7293,10,-9819
7294,82,8153
7295,5,-11145
7296,92,10746
7297,39,-2582
7298,42,-1846
7299,42,-1914
7300,93,10753
7301,73,5766
7302,86,9229
7303,43,-1644
7304,90,10247
7305,63,3284
7306,41,-2163
7307,25,-6129
7308,47,-565
7309,11,-9688
7310,35,-3643
7311,85,8930
7312,4,-11269
7313,41,-2166
7314,81,7792
7315,12,-9392
7316,91,10429
7317,65,3856
7318,41,-2151
7319,14,-8861
7320,73,5917
7321,71,5270
7322,68,4586
7323,6,-10839
7324,58,2043
7325,20,-7437
7326,96,11734
7327,85,8786
7328,50,104
7329,3,-11527
7330,74,6150
7331,36,-3266
7332,51,259
7333,52,650
7334,87,9494
7335,27,-5629
7336,57,1881
7337,11,-9550
7338,39,-2711
7339,4,-11338
7340,96,11586
7341,12,-9330
7342,63,3353
7343,19,-7621
7344,38,-2958
7345,74,6242
7346,77,6753
7347,7,-10691
7348,61,2911
7349,21,-7075
7350,11,-9510
7351,30,-4930
7352,88,9578
7353,24,-6454
7354,43,-1571
7355,0,-12264
7356,45,-1165
7357,7,-10635
7358,22,-6751
7359,27,-5525
7360,95,11487
7361,5,-11059
7362,86,9057
7363,45,-1214
7364,44,-1286
7365,78,7234
7366,67,4302
7367,26,-5825
7368,41,-2111
7369,75,6322
7370,72,5625
7371,3,-11727
7372,90,10034
7373,63,3498
7374,2,-11964
7375,19,-7618
7376,29,-5095
7377,49,-48
7378,75,6253
7379,26,-5758
7380,99,12499
7381,11,-9503
7382,50,17
7383,29,-5018
7384,76,6550
7385,22,-6780
7386,86,9209
7387,55,1402
7388,83,8347
7389,45,-1038
7390,34,-3911
7391,23,-6661
7392,68,4743
7393,65,3958
7394,54,1180
7395,99,12492
7396,60,2664
7397,18,-7920
7398,65,3853
7399,28,-5261
7400,17,-8164
7401,6,-10840
7402,47,-526
7403,50,48
7404,77,6960
7405,45,-1146
7406,65,3898
7407,29,-5137
7408,12,-9332
7409,14,-8923
7410,22,-6878
7411,26,-5957
7412,78,7187
7413,50,226
7414,27,-5646
7415,13,-9233
7416,20,-7445
7417,6,-10869
7418,5,-11185
7419,48,-470
7420,50,97
7421,8,-10331
7422,94,11013
7423,33,-4186
7424,38,-2959
7425,9,-10224
7426,76,6749
7427,2,-11978
7428,98,12211
7429,42,-1852
7430,87,9284
7431,61,2948
7432,62,3185
7433,78,7048
7434,57,1761
7435,2,-11962
7436,71,5467
7437,18,-7768
7438,42,-1811
7439,29,-5205
7440,24,-6365
7441,24,-6352
7442,77,6844
7443,84,8634
7444,30,-4765
7445,4,-11495
7446,81,7941
7447,34,-3798
7448,29,-5060
7449,20,-7328
7450,41,-2039
7451,86,9130
7452,89,9925
7453,10,-9929
7454,4,-11479
7455,55,1440
7456,44,-1499
7457,25,-6171
7458,96,11646
7459,98,12064
7460,82,8223
7461,45,-1098
7462,42,-1971
7463,25,-6188
7464,2,-11836
7465,92,10704
7466,80,7680
7467,70,5102
7468,94,11211
7469,67,4366
7470,94,11108
7471,11,-9505
7472,95,11423
7473,23,-6615
7474,17,-8034
7475,9,-10193
7476,72,5699
7477,59,2374
7478,64,3649
7479,26,-5949
7480,72,5648
7481,79,7360
7482,94,11153
7483,46,-920
7484,75,6345
7485,16,-8338
7486,67,4313
7487,12,-9416
7488,87,9383
7489,7,-10696
7490,56,1694
7491,95,11318
7492,69,4871
7493,6,-10943
7494,27,-5582
7495,22,-6864
7496,31,-4539
7497,47,-696
7498,66,4120
7499,60,2570
7500,96,11691
7501,55,1260
7502,74,6070
7503,21,-7067
7504,82,8023
7505,47,-662
7506,4,-11304
7507,26,-5975
7508,88,9559
7509,10,-9788
7510,44,-1300
7511,0,-12407
7512,73,5997
7513,76,6588
7514,53,957
7515,34,-3980
7516,50,91
7517,69,4854
7518,41,-2180
7519,27,-5749
7520,58,2095
7521,63,3446
7522,93,10841
7523,13,-9074
7524,71,5338
7525,19,-7711
7526,69,4872
7527,0,-12311
7528,58,2247
7529,99,12408
7530,1,-12102
7531,58,2088
7532,88,9746
7533,81,7872
7534,38,-2919
7535,28,-5489
7536,55,1318
7537,44,-1468
7538,68,4505
7539,49,-152
7540,96,11539
7541,41,-2246
7542,71,5337
7543,7,-10586
7544,79,7433
7545,25,-6053
7546,57,1858
7547,24,-6347
7548,90,10107
7549,0,-12300
7550,94,11157
7551,80,7660
7552,43,-1575
7553,6,-10984
7554,90,10230
7555,15,-8543
7556,18,-7957
7557,70,5050
7558,22,-6887
7559,63,3316
7560,90,10192
7561,3,-11714
7562,60,2650
7563,32,-4414
7564,86,9083
7565,41,-2244
7566,40,-2442
7567,25,-6085
7568,80,7717
7569,29,-5034
7570,75,6396
7571,24,-6493
7572,96,11574
7573,24,-6298
7574,68,4509
7575,31,-4524
7576,83,8298
7577,56,1554
7578,69,4788
7579,15,-8560
7580,68,4687
7581,93,10898
7582,69,4842
7583,30,-4880
7584,47,-616
7585,20,-7402
7586,76,6653
7587,21,-7134
7588,56,1748
7589,74,6060
7590,39,-2687
7591,8,-10294
7592,10,-9981
7593,97,11824
7594,70,5197
7595,31,-4580
7596,86,9022
7597,98,12150
7598,8,-10270
7599,22,-6841
7600,9,-10159
7601,36,-3380
7602,79,7284
7603,99,12470
7604,94,11064
7605,55,1298
7606,78,7033
7607,85,8868
7608,99,12344
7609,8,-10452
7610,98,12157
7611,80,7600
7612,58,2209
7613,15,-8734
7614,87,9324
7615,18,-7837
7616,95,11265
7617,43,-1642
7618,22,-6795
7619,36,-3448
7620,46,-813
7621,24,-6406
7622,51,274
7623,30,-4868
7624,36,-3351
7625,9,-10119
7626,64,3604
7627,9,-10203
7628,97,11755
7629,31,-4614
7630,35,-3636
7631,39,-2660
7632,74,6122
7633,2,-11798
7634,70,5190
7635,16,-8487
7636,69,4935
7637,20,-7483
7638,58,2093
7639,33,-4150
7640,97,11951
7641,61,2798
7642,71,5313
7643,27,-5645
7644,90,10017
7645,46,-988
7646,61,2832
7647,24,-6353
7648,46,-977
7649,26,-5968
7650,27,-5692
7651,23,-6575
7652,51,285
7653,25,-6204
7654,63,3272
7655,20,-7283
7656,34,-3881
7657,59,2282
7658,23,-6667
7659,21,-7109
7660,81,7750
7661,40,-2272
7662,81,7797
7663,13,-9242
7664,74,6025
7665,57,1866
7666,36,-3394
7667,21,-7039
7668,76,6563
7669,8,-10267
7670,79,7270
7671,51,356
7672,67,4431
7673,11,-9655
7674,38,-2820
7675,6,-10807
7676,36,-3493
7677,25,-6015
7678,89,9865
7679,28,-5323
7680,10,-9874
7681,28,-5435
7682,7,-10695
7683,24,-6497
7684,96,11603
7685,25,-6091
7686,68,4664
7687,9,-10168
7688,71,5481
7689,73,5916
7690,73,5989
7691,83,8468
7692,83,8403
7693,30,-4929
7694,51,457
7695,30,-4877
7696,99,12287
7697,34,-3758
7698,37,-3210
7699,64,3678
7700,88,9501
7701,46,-842
7702,98,12005
7703,32,-4346
7704,65,3972
7705,30,-4859
7706,65,3912
7707,29,-5025
7708,95,11281
7709,62,3154
7710,11,-9664
7711,25,-6229
7712,91,10425
7713,2,-11795
7714,57,1752
7715,48,-466
7716,86,9165
7717,60,2748
7718,18,-7933
7719,61,2834
7720,29,-5213
7721,25,-6102
7722,50,132
7723,48,-278
7724,51,475
7725,28,-5473
7726,67,4277
7727,94,11004
7728,60,2592
7729,38,-2940
7730,44,-1479
7731,97,11774
7732,73,5757
7733,36,-3254
7734,45,-1203
7735,16,-8497
7736,76,6744
7737,9,-10246
7738,16,-8392
7739,27,-5549
7740,43,-1549
7741,18,-7835
7742,3,-11529
7743,48,-326
7744,17,-8241
7745,17,-8016
7746,70,5249
7747,58,2216
7748,38,-2874
7749,86,9074
7750,52,517
7751,81,7884
7752,84,8524
7753,23,-6614
7754,5,-11067
7755,78,7200
7756,87,9340
7757,25,-6057
7758,80,7734
7759,23,-6509
7760,23,-6660
7761,9,-10153
7762,94,11118
7763,62,3188
7764,96,11706
7765,11,-9557
7766,65,3901
7767,2,-11752
7768,62,3241
7769,32,-4288
7770,42,-1963
7771,55,1466
7772,98,12221
7773,75,6260
7774,57,1893
7775,29,-5001
7776,65,3862
7777,1,-12239
7778,49,-40
7779,21,-7005
7780,87,9315
7781,97,11798
7782,52,593
7783,24,-6441
7784,96,11521
7785,40,-2256
7786,38,-2751
7787,96,11632
7788,82,8011
7789,22,-6794
7790,1,-12084
7791,52,622
7792,73,5861
7793,18,-7989
7794,54,1221
7795,57,1822
7796,75,6339
7797,27,-5639
7798,11,-9638
7799,64,3652
7800,97,11986
7801,24,-6299
7802,42,-1783
7803,17,-8078
7804,62,3097
7805,14,-8860
7806,90,10013
7807,6,-10861
7808,10,-9776
7809,60,2532
7810,26,-5831
7811,28,-5359
7812,92,10725
7813,72,5620
7814,2,-11861
7815,29,-5023
7816,9,-10242
7817,15,-8607
7818,77,6997
7819,12,-9431
7820,63,3413
7821,61,2960
7822,6,-10918
7823,29,-5061
7824,44,-1382
7825,29,-5019
7826,70,5068
7827,47,-538
7828,95,11363
7829,31,-4697
7830,55,1409
7831,18,-7790
7832,3,-11535
7833,81,7830
7834,24,-6466
7835,17,-8071
7836,57,1859
7837,31,-4682
7838,74,6173
7839,29,-5125
7840,92,10581
7841,19,-7504
7842,37,-3040
7843,41,-2242
7844,98,12217
7845,35,-3730
7846,36,-3456
7847,82,8148
7848,17,-8111
7849,29,-5013
7850,24,-6443
7851,37,-3114
7852,51,428
7853,28,-5472
7854,88,9530
7855,0,-12401
7856,24,-6251
7857,77,6894
7858,92,10560
7859,31,-4696
7860,89,9799
7861,34,-3918
7862,98,12086
7863,15,-8517
7864,64,3709
7865,22,-6950
7866,29,-5184
7867,28,-5421
7868,79,7443
7869,28,-5317
7870,97,11998
7871,23,-6697
7872,99,12306
7873,88,9588
7874,24,-6362
7875,48,-400
7876,40,-2269
7877,68,4606
7878,83,8474
7879,42,-1802
7880,99,12297
7881,0,-12358
7882,77,6886
7883,38,-2758
7884,95,11435
7885,43,-1672
7886,54,1044
7887,17,-8096
7888,10,-9937
7889,24,-6357
7890,81,7910
7891,18,-7960
7892,64,3539
7893,71,5434
7894,16,-8407
7895,27,-5605
7896,84,8647
7897,11,-9723
7898,12,-9333
7899,18,-7877
7900,99,12482
7901,36,-3486
7902,69,4969
7903,50,68
7904,78,7025
7905,12,-9288
7906,33,-4063
7907,12,-9274
7908,78,7082
7909,66,4222
7910,63,3362
7911,26,-5925
7912,46,-874
7913,0,-12259
7914,21,-7155
7915,30,-4858
7916,45,-1202
7917,25,-6096
7918,63,3266
7919,9,-10052
7920,49,-193
7921,40,-2466
7922,72,5717
7923,23,-6510
7924,96,11553
7925,65,3894
7926,81,7762
7927,29,-5129
7928,93,10871
7929,77,6938
7930,72,5570
7931,48,-456
7932,32,-4499
7933,71,5462
7934,13,-9108
7935,26,-5990
7936,18,-7764
7937,52,568
7938,90,10090
7939,28,-5265
7940,76,6531
7941,22,-6995
7942,20,-7284
7943,13,-9187
7944,85,8833
7945,11,-9566
7946,1,-12246
7947,65,3750
7948,51,443
7949,40,-2426
7950,92,10524
7951,31,-4597
7952,53,807
7953,49,-190
7954,70,5060
7955,28,-5405
7956,81,7858
7957,1,-12126
7958,5,-11184
7959,63,3384
7960,35,-3641
7961,23,-6718
7962,64,3713
7963,99,12484
7964,65,3939
7965,55,1262
7966,16,-8397
7967,21,-7127
7968,58,2105
7969,35,-3670
7970,65,3993
7971,27,-5674
7972,91,10419
7973,26,-5793
7974,94,11017
7975,98,12024
7976,57,1877
7977,37,-3154
7978,51,272
7979,78,7084
7980,63,3349
7981,12,-9466
7982,52,513
7983,75,6368
7984,75,6319
7985,38,-2980
7986,67,4376
7987,12,-9313
7988,60,2697
7989,58,2184
7990,86,9096
7991,98,12240
7992,70,5242
7993,71,5418
7994,9,-10210
7995,36,-3434
7996,60,2654
7997,55,1454
7998,81,7913
7999,4,-11460
8000,14,-8975
8001,17,-8246
8002,74,6012
8003,45,-1088
8004,14,-8990
8005,40,-2432
8006,91,10422
8007,65,3762
8008,87,9390
8009,27,-5666
8010,40,-2287
8011,29,-5237
8012,96,11547
8013,32,-4488
8014,47,-671
8015,31,-4589
8016,62,3206
8017,65,3922
8018,58,2160
8019,30,-4889
8020,77,6863
8021,22,-6987
8022,30,-4802
8023,27,-5681
8024,60,2678
8025,19,-7601
8026,56,1512
8027,27,-5599
8028,64,3611
8029,86,9230
8030,38,-2947
8031,8,-10456
8032,49,-38
8033,20,-7301
8034,59,2405
8035,35,-3726
8036,62,3151
8037,31,-4528
8038,56,1622
8039,57,1842
8040,68,4517
8041,4,-11288
8042,35,-3556
8043,9,-10220
8044,43,-1725
8045,15,-8703
8046,78,7164
8047,40,-2498
8048,87,9281
8049,15,-8696
8050,69,4885
8051,11,-9665
8052,87,9299
8053,66,4184
8054,55,1313
8055,31,-4584
8056,99,12319
8057,30,-4842
8058,25,-6226
8059,54,1244
8060,36,-3264
8061,15,-8711
8062,96,11741
8063,67,4328
8064,76,6679
8065,63,3480
8066,21,-7027
8067,28,-5347
8068,4,-11441
8069,20,-7376
8070,8,-10400
8071,79,7450
8072,4,-11413
8073,57,1762
8074,26,-5854
8075,97,11780
8076,17,-8051
8077,9,-10021
8078,54,1202
8079,3,-11673
8080,40,-2305
8081,12,-9358
8082,73,5814
8083,92,10566
8084,88,9623
8085,8,-10457
8086,19,-7749
8087,3,-11633
8088,68,4511
8089,35,-3678
8090,89,9961
8091,17,-8017
8092,90,10167
8093,32,-4439
8094,54,1157
8095,26,-5841
8096,54,1121
8097,38,-2818
8098,51,409
8099,37,-3248
8100,47,-515
8101,81,7978
8102,92,10506
8103,27,-5617
8104,76,6620
8105,79,7474
8106,59,2257
8107,46,-878
8108,52,595
8109,49,-44
8110,34,-3976
8111,30,-4959
8112,44,-1435
8113,29,-5240
8114,4,-11443
8115,48,-484
8116,62,3171
8117,49,-10
8118,30,-4978
8119,76,6722
8120,38,-2873
8121,14,-8827
8122,31,-4607
8123,44,-1464
8124,72,5595
8125,11,-9567
8126,25,-6050
8127,76,6702
8128,90,10071
8129,21,-7104
8130,52,664
8131,23,-6513
8132,80,7607
8133,18,-7883
8134,98,12021
8135,67,4264
8136,88,9636
8137,22,-6947
8138,47,-667
8139,7,-10539
8140,94,11181
8141,49,-118
8142,64,3701
8143,28,-5441
8144,73,5824
8145,30,-4919
8146,40,-2400
8147,42,-2000
8148,21,-7119
8149,6,-10852
8150,91,10281
8151,28,-5257
8152,68,4592
8153,63,3262
8154,23,-6717
8155,29,-5139
8156,94,11028
8157,69,4838
8158,59,2328
8159,76,6656
8160,72,5671
8161,26,-5956
8162,67,4312
8163,19,-7567
8164,51,451
8165,9,-10221
8166,22,-6941
8167,98,12142
8168,76,6529
8169,18,-7763
8170,25,-6195
8171,7,-10565
8172,63,3379
8173,52,680
8174,17,-8128
8175,30,-4821
8176,74,6073
8177,22,-6821
8178,72,5592
8179,24,-6489
8180,77,6963
8181,3,-11695
8182,91,10388
8183,49,-200
8184,34,-3808
8185,13,-9054
8186,9,-10138
8187,38,-2988
8188,32,-4334
8189,26,-5765
8190,5,-11053
8191,29,-5077
8192,8,-10499
8193,4,-11265
8194,65,3881
8195,77,6780
8196,84,8695
8197,32,-4486
8198,92,10553
8199,27,-5721
8200,88,9557
8201,55,1390
8202,49,-120
8203,29,-5219
8204,97,11823
8205,88,9660
8206,79,7269
8207,25,-6145
8208,74,6145
8209,7,-10697
8210,8,-10399
8211,2,-11758
8212,41,-2210
8213,22,-6783
8214,64,3578
8215,21,-7224
8216,15,-8666
8217,67,4430
8218,52,658
8219,13,-9229
8220,74,6039
8221,66,4190
8222,20,-7262
8223,24,-6261
8224,42,-1983
8225,54,1076
8226,77,6893
8227,28,-5465
8228,62,3225
8229,58,2022
8230,72,5714
8231,44,-1428
8232,77,6834
8233,91,10258
8234,49,-23
8235,3,-11501
8236,87,9317
8237,2,-11824
8238,66,4029
8239,40,-2264
8240,61,2855
8241,90,10066
8242,37,-3010
8243,16,-8318
8244,83,8487
8245,24,-6407
8246,78,7233
8247,21,-7213
8248,69,4805
8249,56,1582
8250,76,6506
8251,26,-5752
8252,95,11267
8253,97,11838
8254,40,-2327
8255,83,8328
8256,53,877
8257,90,10116
8258,6,-10962
8259,20,-7491
8260,51,467
8261,26,-5840
8262,33,-4155
8263,77,6930
8264,76,6522
8265,56,1680
8266,10,-9761
8267,30,-4794
8268,86,9051
8269,1,-12031
8270,56,1513
8271,31,-4633
8272,91,10321
8273,75,6374
8274,43,-1658
8275,27,-5655
8276,24,-6293
8277,39,-2620
8278,29,-5094
8279,19,-7709
8280,42,-1764
8281,31,-4525
8282,38,-2950
8283,30,-4933
8284,62,3155
8285,95,11360
8286,80,7737
8287,31,-4581
8288,84,8639
8289,87,9464
8290,50,180
8291,75,6388
8292,52,543
8293,34,-3964
8294,38,-2762
8295,82,8160
8296,85,8893
8297,15,-8561
8298,77,6913
8299,30,-4845
8300,5,-11220
8301,95,11378
8302,44,-1459
8303,24,-6341
8304,75,6296
8305,77,6812
8306,54,1077
8307,1,-12214
8308,82,8037
8309,23,-6651
8310,45,-1046
8311,34,-3832
8312,74,6199
8313,39,-2538
8314,11,-9750
8315,97,11850
8316,99,12475
8317,36,-3286
8318,37,-3191
8319,45,-1240
8320,96,11695
8321,53,974
8322,91,10342
8323,9,-10127
8324,48,-358
8325,2,-11887
8326,42,-1884
8327,23,-6573
8328,38,-2969
8329,26,-5884
8330,42,-1782
8331,18,-7959
8332,40,-2405
8333,26,-5987
8334,92,10606
8335,19,-7615
8336,83,8334
8337,29,-5133
8338,3,-11621
8339,30,-4826
8340,76,6713
8341,30,-4846
8342,59,2298
8343,26,-5751
8344,17,-8244
8345,38,-2944
8346,66,4172
8347,68,4708
8348,75,6291
8349,5,-11035
8350,83,8412
8351,23,-6621
8352,99,12416
8353,15,-8645
8354,20,-7310
8355,51,314
8356,95,11315
8357,3,-11592
8358,88,9512
8359,30,-4957
8360,67,4290
8361,27,-5527
8362,88,9605
8363,26,-5996
8364,43,-1695
8365,16,-8360
8366,64,3529
8367,61,2864
8368,97,11935
8369,37,-3206
8370,11,-9724
8371,46,-932
8372,67,4348
8373,19,-7549
8374,22,-6892
8375,19,-7527
8376,75,6417
8377,28,-5314
8378,20,-7428
8379,30,-4757
8380,82,8055
8381,9,-10102
8382,54,1137
8383,53,904
8384,44,-1268
8385,36,-3338
8386,43,-1667
8387,69,4750
8388,89,9907
8389,3,-11601
8390,47,-659
8391,18,-7969
8392,63,3439
8393,88,9504
8394,53,910
8395,17,-8107
8396,84,8741
8397,15,-8668
8398,92,10610
8399,20,-7289
8400,70,5042
8401,95,11350
8402,22,-6990
8403,61,2760
8404,86,9153
8405,35,-3680
8406,4,-11398
8407,77,6906
8408,0,-12490
8409,25,-6109
8410,62,3046
8411,75,6370
8412,57,1915
8413,32,-4354
8414,11,-9699
8415,24,-6373
8416,86,9111
8417,29,-5092
8418,3,-11735
8419,3,-11625
8420,97,11961
8421,45,-1220
8422,99,12406
8423,77,6916
8424,54,1033
8425,81,7984
8426,60,2728
8427,20,-7278
8428,87,9355
8429,21,-7178
8430,15,-8503
8431,84,8672
8432,74,6231
8433,25,-6146
8434,32,-4303
8435,26,-5945
8436,16,-8429
8437,7,-10509
8438,86,9177
8439,40,-2474
8440,70,5127
8441,45,-1186
8442,57,1770
8443,31,-4705
8444,38,-2794
8445,35,-3604
8446,89,9801
8447,10,-9952
8448,99,12487
8449,7,-10554
8450,52,552
8451,32,-4307
8452,72,5619
8453,20,-7330
8454,74,6156
8455,69,4904
8456,91,10264
8457,17,-8088
8458,83,8441
8459,36,-3416
8460,93,10987
8461,3,-11675
8462,11,-9576
8463,85,8816
8464,60,2565
8465,14,-8797
8466,65,3954
8467,92,10530
8468,51,373
8469,36,-3318
8470,65,3936
8471,21,-7189
8472,83,8438
8473,58,2086
8474,1,-12120
8475,95,11332
8476,89,9796
8477,72,5580
8478,10,-9862
8479,27,-5533
8480,18,-7985
8481,6,-10859
8482,57,1864
8483,56,1716
8484,67,4280
8485,31,-4571
8486,20,-7407
8487,28,-5409
8488,82,8021
8489,6,-10897
8490,76,6617
8491,31,-4676
8492,62,3215
8493,53,828
8494,48,-330
8495,30,-4808
8496,60,2655
8497,29,-5215
8498,28,-5408
8499,58,2008
8500,75,6497
8501,99,12286
8502,53,893
8503,10,-9904
8504,38,-2780
8505,8,-10290
8506,82,8076
8507,29,-5222
8508,97,11877
8509,94,11128
8510,1,-12134
8511,66,4054
8512,75,6293
8513,6,-10963
8514,54,1149
8515,32,-4448
8516,77,6947
8517,67,4460
8518,20,-7345
8519,13,-9149
8520,24,-6484
8521,68,4570
8522,42,-1911
8523,1,-12124
8524,81,7895
8525,71,5290
8526,38,-2963
8527,34,-3868
8528,15,-8738
8529,28,-5352
8530,26,-5878
8531,32,-4357
8532,71,5399
8533,38,-2770
8534,23,-6690
8535,76,6676
8536,78,7247
8537,72,5658
8538,96,11650
8539,15,-8573
8540,72,5563
8541,69,4964
8542,81,7773
8543,55,1460
8544,18,-7994
8545,3,-11582
8546,66,4061
8547,32,-4341
8548,54,1159
8549,37,-3052
8550,77,6957
8551,31,-4733
8552,79,7287
8553,80,7608
8554,53,954
8555,29,-5153
8556,63,3467
8557,9,-10049
8558,35,-3623
8559,29,-5175
8560,65,3844
8561,7,-10739
8562,74,6056
8563,23,-6563
8564,95,11408
8565,25,-6144
8566,82,8052
8567,78,7132
8568,45,-1191
8569,87,9276
8570,65,3961
8571,28,-5445
8572,67,4405
8573,93,10906
8574,68,4578
8575,15,-8511
8576,36,-3385
8577,88,9500
8578,94,11086
8579,89,9790
8580,66,4164
8581,17,-8217
8582,80,7596
8583,13,-9206
8584,58,2153
8585,12,-9289
8586,13,-9025
8587,4,-11353
8588,65,3851
8589,7,-10743
8590,70,5145
8591,66,4074
8592,51,354
8593,30,-4966
8594,45,-1147
8595,33,-4035
8596,41,-2169
8597,65,3842
8598,21,-7183
8599,82,8054
8600,42,-1976
8601,19,-7581
8602,23,-6541
8603,70,5106
8604,98,12243
8605,26,-5842
8606,33,-4237
8607,32,-4485
8608,76,6661
8609,8,-10454
8610,8,-10497
8611,29,-5151
8612,71,5363
8613,84,8582
8614,11,-9634
8615,71,5326
8616,41,-2048
8617,2,-11932
8618,71,5312
8619,52,586
8620,63,3275
8621,17,-8140
8622,66,4237
8623,75,6380
8624,87,9468
8625,7,-10673
8626,18,-7931
8627,40,-2476
8628,69,4931
8629,85,8770
8630,5,-11181
8631,11,-9608
8632,59,2250
8633,65,3892
8634,17,-8097
8635,90,10086
8636,41,-2053
8637,96,11570
8638,89,9838
8639,81,7784
8640,84,8500
8641,86,9110
8642,7,-10545
8643,53,830
8644,64,3742
8645,86,9186
8646,80,7646
8647,1,-12209
8648,77,6852
8649,30,-4938
8650,49,-83
8651,81,7866
8652,86,9091
8653,9,-10235
8654,87,9370
8655,47,-704
8656,95,11310
8657,77,6994
8658,67,4284
8659,32,-4384
8660,59,2408
8661,22,-6958
8662,11,-9571
8663,24,-6488
8664,97,11967
8665,48,-438
8666,85,8845
8667,59,2414
8668,44,-1481
8669,82,8038
8670,85,8913
8671,44,-1362
8672,97,11975
8673,31,-4747
8674,10,-9763
8675,20,-7325
8676,83,8307
8677,45,-1124
8678,8,-10474
8679,35,-3734
8680,45,-1241
8681,34,-3851
8682,99,12278
8683,44,-1320
8684,60,2515
8685,30,-4969
8686,21,-7086
8687,45,-1166
8688,83,8325
8689,13,-9105
8690,27,-5504
8691,82,8168
8692,51,306
8693,42,-1932
8694,43,-1607
8695,20,-7412
8696,3,-11620
8697,3,-11736
8698,91,10464
8699,6,-10893
8700,91,10395
8701,2,-11759
8702,39,-2594
8703,82,8084
8704,56,1504
8705,26,-6000
8706,60,2553
8707,3,-11658
8708,87,9434
8709,10,-9967
8710,0,-12467
8711,44,-1390
8712,65,3886
8713,20,-7361
8714,98,12028
8715,33,-4225
8716,94,11131
8717,33,-4228
8718,80,7700
8719,49,-108
8720,92,10608
8721,9,-10227
8722,62,3221
8723,39,-2564
8724,97,11779
8725,4,-11470
8726,55,1293
8727,34,-3933
8728,54,1132
8729,40,-2322
8730,58,2242
8731,8,-10469
8732,41,-2045
8733,94,11204
8734,99,12374
8735,25,-6181
8736,61,2785
8737,20,-7374
8738,99,12476
8739,21,-7089
8740,90,10087
8741,43,-1682
8742,93,10885
8743,91,10480
8744,65,3951
8745,2,-11959
8746,4,-11481
8747,20,-7409
8748,65,3879
8749,66,4034
8750,62,3153
8751,77,6986
8752,19,-7745
8753,69,4836
8754,81,7882
8755,6,-10994
8756,32,-4323
8757,77,6822
8758,8,-10343
8759,23,-6698
8760,82,8231
8761,62,3152
8762,76,6610
8763,15,-8551
8764,84,8501
8765,19,-7625
8766,65,3962
8767,68,4556
8768,88,9713
8769,40,-2444
8770,50,8
8771,28,-5432
8772,86,9239
8773,30,-4781
8774,73,5809
8775,13,-9142
8776,79,7278
8777,32,-4286
8778,71,5333
8779,43,-1668
8780,67,4267
8781,71,5496
8782,85,8972
8783,33,-4173
8784,23,-6629
8785,48,-296
8786,68,4670
8787,13,-9179
8788,95,11491
8789,29,-5043
8790,87,9354
8791,18,-7819
8792,75,6300
8793,0,-12450
8794,29,-5020
8795,28,-5363
8796,43,-1517
8797,22,-6817
8798,65,3977
8799,93,10960
8800,10,-9807
8801,16,-8456
8802,56,1564
8803,36,-3498
8804,35,-3645
8805,40,-2412
8806,51,478
8807,27,-5675
8808,81,7900
8809,54,1214
8810,26,-5776
8811,52,542
8812,64,3723
8813,1,-12178
8814,41,-2080
8815,90,10046
8816,69,4777
8817,74,6208
8818,9,-10033
8819,23,-6700
8820,85,8929
8821,93,10976
8822,55,1400
8823,33,-4094
8824,78,7221
8825,64,3500
8826,97,11777
8827,40,-2492
8828,66,4007
8829,18,-7878
8830,1,-12155
8831,96,11662
8832,75,6495
8833,13,-9218
8834,92,10613
8835,19,-7747
8836,69,4771
8837,0,-12307
8838,80,7669
8839,25,-6139
8840,97,11799
8841,15,-8507
8842,66,4169
8843,17,-8094
8844,92,10637
8845,5,-11104
8846,62,3161
8847,35,-3709
8848,94,11215
8849,10,-9810
8850,87,9381
8851,22,-6797
8852,97,11865
8853,29,-5227
8854,52,716
8855,61,2780
8856,90,10095
8857,82,8024
8858,55,1341
8859,9,-10097
8860,55,1308
8861,81,7842
8862,45,-1219
8863,49,-160
8864,57,1854
8865,32,-4451
8866,82,8112
8867,8,-10336
8868,86,9101
8869,32,-4289
8870,7,-10736
8871,32,-4397
8872,30,-4839
8873,14,-8858
8874,86,9094
8875,72,5560
8876,51,390
8877,24,-6395
8878,46,-912
8879,19,-7519
8880,65,3935
8881,11,-9661
8882,18,-7881
8883,0,-12266
8884,99,12455
8885,26,-5979
8886,73,5929
8887,21,-7209
8888,60,2569
8889,9,-10180
8890,40,-2299
8891,31,-4693
8892,92,10623
8893,78,7104
8894,87,9362
8895,32,-4498
8896,71,5311
8897,48,-472
8898,80,7566
8899,11,-9748
8900,34,-3984
8901,29,-5173
8902,11,-9735
8903,35,-3661
8904,76,6552
8905,80,7716
8906,70,5137
8907,34,-3942
8908,96,11541
8909,55,1412
8910,83,8272
8911,21,-7181
8912,30,-4968
8913,24,-6329
8914,97,11776
8915,30,-4973
8916,84,8657
8917,31,-4699
8918,49,-4
8919,34,-3947
8920,97,11983
8921,34,-3807
8922,39,-2623
8923,12,-9488
8924,49,-69
8925,60,2680
8926,17,-8036
8927,81,7982
8928,4,-11298
8929,29,-5103
8930,33,-4080
8931,90,10110
8932,48,-271
8933,63,3454
8934,42,-1998
8935,24,-6349
8936,7,-10634
8937,52,502
8938,92,10700
8939,33,-4195
8940,77,6797
8941,21,-7186
8942,78,7024
8943,40,-2468
8944,75,6463
8945,33,-4162
8946,33,-4105
8947,4,-11268
8948,2,-11801
8949,71,5308
8950,74,6184
8951,9,-10144
8952,61,2904
8953,26,-5807
8954,69,4841
8955,97,11906
8956,98,12017
8957,86,9004
8958,6,-10845
8959,26,-5973
8960,26,-5897
8961,47,-674
8962,88,9677
8963,95,11388
8964,71,5422
8965,28,-5411
8966,32,-4333
8967,3,-11562
8968,45,-1177
8969,41,-2146
8970,36,-3275
8971,1,-12030
8972,94,11171
8973,20,-7342
8974,52,621
8975,96,11520
8976,76,6733
8977,54,1054
8978,5,-11207
8979,97,11956
8980,87,9401
8981,31,-4726
8982,3,-11696
8983,7,-10524
8984,18,-7794
8985,50,162
8986,50,73
8987,5,-11118
8988,82,8158
8989,94,11166
8990,6,-10879
8991,95,11460
8992,34,-3766
8993,16,-8410
8994,2,-11821
8995,19,-7577
8996,77,6879
8997,18,-7818
8998,1,-12083
8999,23,-6624
9000,99,12477
9001,32,-4349
9002,54,1129
9003,1,-12121
9004,58,2225
9005,31,-4723
9006,78,7136
9007,43,-1626
9008,69,4937
9009,11,-9697
9010,35,-3664
9011,19,-7750
9012,81,7843
9013,96,11528
9014,30,-4766
9015,26,-5819
9016,89,9957
9017,64,3572
9018,83,8445
9019,33,-4127
9020,37,-3004
9021,26,-5812
9022,13,-9121
9023,89,9818
9024,77,6874
9025,10,-9762
9026,78,7162
9027,69,4794
9028,91,10375
9029,26,-5887
9030,56,1714
9031,31,-4663
9032,12,-9405
9033,83,8460
9034,25,-6246
9035,87,9356
9036,63,3319
9037,19,-7680
9038,39,-2648
9039,94,11094
9040,13,-9035
9041,22,-6977
9042,84,8620
9043,70,5140
9044,97,11781
9045,18,-7911
9046,61,2782
9047,97,11896
9048,35,-3504
9049,29,-5059
9050,37,-3184
9051,22,-6891
9052,25,-6063
9053,4,-11437
9054,49,-223
9055,88,9590
9056,94,11050
9057,27,-5612
9058,86,9141
9059,25,-6099
9060,84,8677
9061,95,11390
9062,33,-4191
9063,78,7108
9064,50,149
9065,42,-1840
9066,39,-2630
9067,70,5092
9068,92,10719
9069,27,-5626
9070,94,11106
9071,30,-4760
9072,52,599
9073,54,1048
9074,74,6101
9075,51,328
9076,88,9545
9077,28,-5311
9078,53,834
9079,35,-3597
9080,62,3007
9081,23,-6707
9082,51,480
9083,57,1836
9084,78,7095
9085,63,3296
9086,54,1068
9087,34,-3774
9088,79,7426
9089,32,-4467
9090,18,-7812
9091,40,-2302
9092,69,4802
9093,81,7894
9094,98,12121
9095,52,612
9096,74,6185
9097,73,5850
9098,40,-2451
9099,75,6354
9100,82,8075
9101,82,8010
9102,65,3809
9103,25,-6095
9104,57,1889
9105,53,850
9106,96,11668
9107,25,-6197
9108,76,6567
9109,35,-3615
9110,25,-6149
9111,33,-4236
9112,70,5117
9113,15,-8562
9114,47,-715
9115,65,3970
9116,1,-12087
9117,59,2326
9118,14,-8807
9119,32,-4311
9120,61,2781
9121,32,-4489
9122,87,9372
9123,32,-4351
9124,88,9584
9125,80,7576
9126,54,1173
9127,11,-9659
9128,87,9330
9129,16,-8270
9130,56,1709
9131,75,6484
9132,89,9773
9133,43,-1622
9134,36,-3323
9135,28,-5301
9136,66,4095
9137,12,-9447
9138,92,10698
9139,25,-6079
9140,45,-1134
9141,19,-7671
9142,34,-3875
9143,18,-8000
9144,41,-2032
9145,4,-11465
9146,60,2537
9147,46,-992
9148,38,-2985
9149,28,-5327
9150,20,-7276
9151,41,-2020
9152,83,8333
9153,8,-10479
9154,27,-5700
9155,34,-3973
9156,56,1523
9157,27,-5735
9158,17,-8099
9159,47,-644
9160,77,6945
9161,0,-12409
9162,56,1524
9163,8,-10315
9164,92,10551
9165,34,-3865
9166,20,-7304
9167,47,-542
9168,48,-473
9169,9,-10247
9170,84,8681
9171,74,6170
9172,51,323
9173,23,-6595
9174,64,3653
9175,3,-11569
9176,42,-1787
9177,95,11386
9178,33,-4190
9179,19,-7739
9180,85,8933
9181,34,-3902
9182,2,-11814
9183,50,232
9184,89,9821
9185,6,-10835
9186,39,-2707
9187,45,-1206
9188,65,3781
9189,26,-5787
9190,56,1673
9191,61,2972
9192,87,9335
9193,21,-7057
9194,31,-4637
9195,54,1084
9196,40,-2485
9197,48,-384
9198,43,-1556
9199,62,3144
9200,53,783
9201,8,-10309
9202,86,9069
9203,37,-3080
9204,94,11110
9205,22,-6881
9206,93,10786
9207,12,-9422
9208,82,8170
9209,51,312
9210,90,10009
9211,27,-5729
9212,41,-2201
9213,24,-6451
9214,29,-5075
9215,59,2498
9216,56,1743
9217,7,-10621
9218,5,-11094
9219,73,5966
9220,40,-2339
9221,97,11854
9222,24,-6424
9223,31,-4631
9224,41,-2094
9225,50,140
9226,87,9258
9227,68,4566
9228,32,-4492
9229,25,-6157
9230,28,-5274
9231,33,-4079
9232,33,-4102
9233,67,4332
9234,73,5973
9235,11,-9537
9236,55,1491
9237,45,-1128
9238,92,10621
9239,80,7580
9240,78,7112
9241,23,-6630
9242,89,9834
9243,22,-6769
9244,55,1317
9245,11,-9730
9246,57,1989
9247,35,-3589
9248,82,8103
9249,94,11008
9250,56,1557
9251,16,-8369
9252,92,10595
9253,25,-6007
9254,10,-9933
9255,53,918
9256,24,-6372
9257,0,-12297
9258,26,-5960
9259,48,-488
9260,79,7345
9261,24,-6420
9262,71,5252
9263,83,8348
9264,86,9050
9265,15,-8610
9266,63,3484
9267,18,-7975
9268,85,8942
9269,26,-5851
9270,51,430
9271,31,-4560
9272,47,-537
9273,55,1422
9274,84,8713
9275,59,2348
9276,93,10794
9277,10,-9939
9278,7,-10624
9279,33,-4160
9280,52,549
9281,77,6968
9282,34,-3974
9283,44,-1416
9284,93,10995
9285,27,-5556
9286,39,-2596
9287,32,-4483
9288,25,-6169
9289,15,-8641
9290,13,-9182
9291,63,3364
9292,94,11115
9293,12,-9326
9294,70,5017
9295,58,2234
9296,47,-681
9297,12,-9307
9298,80,7637
9299,29,-5235
9300,51,358
9301,7,-10670
9302,92,10617
9303,50,34
9304,36,-3482
9305,22,-6894
9306,2,-11955
9307,30,-4945
9308,45,-1085
9309,70,5136
9310,82,8242
9311,77,6836
9312,51,289
9313,16,-8293
9314,53,845
9315,20,-7266
9316,89,9859
9317,76,6544
9318,27,-5718
9319,68,4554
9320,38,-2808
9321,29,-5073
9322,33,-4043
9323,65,3982
9324,76,6686
9325,1,-12145
9326,65,3928
9327,39,-2704
9328,55,1327
9329,25,-6210
9330,95,11362
9331,62,3200
9332,85,8831
9333,26,-5903
9334,66,4198
9335,42,-1986
9336,73,5908
9337,57,1986
9338,86,9006
9339,33,-4245
9340,86,9018
9341,50,192
9342,65,3904
9343,12,-9270
9344,50,81
9345,14,-8952
9346,56,1722
9347,93,10916
9348,72,5719
9349,16,-8283
9350,9,-10039
9351,55,1278
9352,78,7223
9353,62,3106
9354,76,6597
9355,74,6164
9356,60,2675
9357,80,7720
9358,41,-2103
9359,30,-4780
9360,95,11365
9361,87,9282
9362,30,-4881
9363,89,9870
9364,13,-9243
9365,11,-9718
9366,20,-7285
9367,56,1576
9368,86,9084
9369,35,-3537
9370,50,125
9371,10,-9882
9372,88,9743
9373,18,-7862
9374,46,-948
9375,59,2364
9376,60,2668
9377,20,-7411
9378,91,10353
9379,87,9404
9380,88,9747
9381,11,-9583
9382,15,-8676
9383,83,8484
9384,76,6711
9385,8,-10387
9386,76,6605
9387,10,-9764
9388,51,412
9389,29,-5132
9390,18,-7832
9391,18,-7859
9392,31,-4616
9393,19,-7685
9394,50,184
9395,18,-7943
9396,78,7178
9397,94,11074
9398,3,-11507
9399,87,9304
9400,43,-1623
9401,81,7760
9402,66,4085
9403,24,-6479
9404,69,4934
9405,18,-7774
9406,54,1080
9407,33,-4217
9408,49,-169
9409,26,-5899
9410,53,906
9411,37,-3204
9412,47,-638
9413,66,4022
9414,52,613
9415,81,7790
9416,96,11554
9417,11,-9560
9418,0,-12492
9419,15,-8694
9420,66,4139
9421,47,-590
9422,68,4572
9423,39,-2634
9424,81,7817
9425,31,-4534
9426,89,9765
9427,26,-5921
9428,74,6225
9429,31,-4562
9430,15,-8567
9431,36,-3449
9432,75,6349
9433,15,-8527
9434,71,5329
9435,38,-2990
9436,55,1289
9437,91,10410
9438,61,2837
9439,20,-7317
9440,72,5520
9441,37,-3032
9442,17,-8149
9443,38,-2828
9444,94,11135
9445,39,-2606
9446,6,-10885
9447,29,-5062
9448,68,4721
9449,92,10640
9450,26,-5800
9451,88,9630
9452,97,11803
9453,24,-6388
9454,87,9325
9455,27,-5623
9456,19,-7737
9457,98,12168
9458,58,2166
9459,6,-10819
9460,45,-1190
9461,19,-7559
9462,0,-12437
9463,50,170
9464,93,10896
9465,37,-3124
9466,53,856
9467,7,-10534
9468,80,7611
9469,14,-8820
9470,36,-3427
9471,35,-3586
9472,23,-6544
9473,84,8518
9474,88,9573
9475,68,4618
9476,88,9655
9477,70,5072
9478,76,6596
9479,16,-8259
9480,40,-2353
9481,28,-5303
9482,26,-5777
9483,75,6252
9484,99,12316
9485,4,-11438
9486,51,342
9487,24,-6366
9488,4,-11277
9489,82,8248
9490,40,-2379
9491,32,-4373
9492,83,8471
9493,17,-8239
9494,17,-8122
9495,16,-8426
9496,82,8119
9497,22,-6809
9498,37,-3096
9499,74,6182
9500,47,-694
9501,2,-11928
9502,44,-1299
9503,37,-3202
9504,80,7663
9505,48,-490
9506,4,-11301
9507,68,4658
9508,71,5379
9509,21,-7249
9510,69,4780
9511,49,-16
9512,30,-4768
9513,41,-2134
9514,26,-5965
9515,17,-8055
9516,89,9803
9517,16,-8381
9518,46,-952
9519,63,3474
9520,23,-6653
9521,81,7964
9522,39,-2515
9523,37,-3164
9524,80,7651
9525,33,-4226
9526,74,6061
9527,26,-5933
9528,49,-31
9529,9,-10243
9530,80,7640
9531,18,-7935
9532,45,-1115
9533,16,-8419
9534,67,4409
9535,73,5972
9536,99,12310
9537,20,-7315
9538,64,3673
9539,73,5880
9540,43,-1651
9541,37,-3146
9542,37,-3225
9543,94,11066
9544,11,-9687
9545,27,-5507
9546,14,-8959
9547,15,-8574
9548,94,11179
9549,26,-5789
9550,72,5614
9551,18,-7879
9552,81,7951
9553,28,-5460
9554,60,2681
9555,34,-3801
9556,46,-753
9557,53,882
9558,73,5984
9559,94,11034
9560,80,7625
9561,14,-8814
9562,45,-1007
9563,66,4236
9564,87,9455
9565,22,-6961
9566,15,-8733
9567,35,-3605
9568,67,4481
9569,12,-9363
9570,45,-1154
9571,22,-6803
9572,90,10127
9573,33,-4200
9574,13,-9069
9575,36,-3401
9576,60,2662
9577,33,-4031
9578,89,9833
9579,76,6546
9580,96,11707
9581,35,-3603
9582,97,11918
9583,60,2682
9584,55,1415
9585,18,-7791
9586,12,-9493
9587,5,-11151
9588,93,10787
9589,15,-8651
9590,61,2810
9591,21,-7037
9592,65,3945
9593,29,-5047
9594,95,11276
9595,52,712
9596,86,9219
9597,16,-8454
9598,28,-5364
9599,28,-5397
9600,95,11274
9601,60,2506
9602,3,-11670
9603,41,-2136
9604,77,6917
9605,19,-7535
9606,78,7097
9607,42,-1826
9608,93,10873
9609,55,1286
9610,35,-3624
9611,20,-7270
9612,93,10879
9613,77,6936
9614,8,-10321
9615,7,-10546
9616,67,4453
9617,8,-10417
9618,25,-6142
9619,93,10774
9620,72,5703
9621,93,10852
9622,38,-2962
9623,89,9902
9624,79,7431
9625,31,-4579
9626,35,-3689
9627,75,6314
9628,90,10075
9629,69,4980
9630,93,10948
9631,71,5396
9632,86,9121
9633,60,2564
9634,20,-7381
9635,34,-3929
9636,52,746
9637,30,-4915
9638,88,9638
9639,60,2730
9640,66,4018
9641,67,4294
9642,38,-2890
9643,19,-7574
9644,89,9763
9645,48,-386
9646,99,12250
9647,92,10604
9648,69,4866
9649,17,-8027
9650,0,-12333
9651,75,6424
9652,73,5951
9653,17,-8191
9654,67,4385
9655,1,-12072
9656,92,10695
9657,25,-6227
9658,11,-9673
9659,49,-84
9660,47,-549
9661,27,-5730
9662,34,-3923
9663,38,-2901
9664,76,6657
9665,60,2572
9666,88,9693
9667,24,-6385
9668,41,-2067
9669,54,1248
9670,60,2741
9671,27,-5587
9672,50,165
9673,11,-9741
9674,64,3598
9675,31,-4585
9676,48,-447
9677,11,-9523
9678,60,2658
9679,68,4650
9680,28,-5487
9681,23,-6633
9682,11,-9746
9683,0,-12315
9684,0,-12415
9685,49,-24
9686,80,7554
9687,7,-10502
9688,30,-4994
9689,1,-12210
9690,30,-4971
9691,6,-10776
9692,87,9363
9693,64,3716
9694,76,6697
9695,34,-3913
9696,40,-2470
9697,34,-3949
9698,28,-5362
9699,10,-9841
9700,81,7962
9701,8,-10410
9702,76,6709
9703,19,-7713
9704,38,-2856
9705,36,-3444
9706,26,-5994
9707,71,5486
9708,42,-1761
9709,15,-8616
9710,50,206
9711,99,12272
9712,53,937
9713,11,-9544
9714,23,-6605
9715,27,-5641
9716,24,-6440
9717,90,10036
9718,95,11482
9719,21,-7118
9720,56,1734
9721,26,-5886
9722,58,2217
9723,34,-3878
9724,81,7891
9725,17,-8198
9726,95,11474
9727,35,-3735
9728,75,6272
9729,43,-1686
9730,70,5114
9731,37,-3039
9732,98,12092
9733,29,-5149
9734,0,-12274
9735,62,3120
9736,27,-5570
9737,33,-4239
9738,11,-9642
9739,18,-7787
9740,66,4137
9741,1,-12080
9742,60,2634
9743,36,-3405
9744,76,6727
9745,57,1982
9746,65,3780
9747,34,-3872
9748,57,1946
9749,34,-3946
9750,47,-568
9751,18,-7885
9752,89,9937
9753,34,-3975
9754,64,3654
9755,51,398
9756,33,-4066
9757,29,-5223
9758,0,-12483
9759,34,-3917
9760,12,-9383
9761,65,3850
9762,89,9953
9763,21,-7245
9764,2,-11895
9765,6,-10987
9766,97,11797
9767,34,-3887
9768,87,9253
9769,54,1190
9770,42,-1807
9771,7,-10520
9772,44,-1269
9773,34,-3871
9774,54,1177
9775,32,-4282
9776,29,-5115
9777,36,-3386
9778,37,-3231
9779,75,6376
9780,68,4749
9781,89,9904
9782,66,4110
9783,8,-10301
9784,66,4081
9785,36,-3349
9786,56,1741
9787,82,8190
9788,85,8784
9789,47,-722
9790,87,9393
9791,36,-3381
9792,97,11917
9793,8,-10323
9794,22,-6810
9795,1,-12232
9796,63,3361
9797,61,2874
9798,99,12469
9799,17,-8112
9800,84,8662
9801,57,1934
9802,93,10925
9803,37,-3095
9804,61,2923
9805,35,-3657
9806,62,3074
9807,83,8250
9808,82,8215
9809,57,1796
9810,24,-6465
9811,32,-4410
9812,83,8369
9813,25,-6173
9814,71,5332
9815,36,-3379
9816,73,5767
9817,21,-7051
9818,18,-7865
9819,22,-6800
9820,77,6931
9821,69,4906
9822,42,-1910
9823,25,-6244
9824,62,3233
9825,79,7422
9826,57,1994
9827,98,12016
9828,98,12015
9829,15,-8625
9830,95,11458
9831,39,-2681
9832,1,-12016
9833,98,12206
9834,69,4793
9835,26,-5770
9836,77,6779
9837,12,-9259
9838,35,-3559
9839,34,-3848
9840,9,-10189
9841,16,-8386
9842,99,12254
9843,23,-6656
9844,63,3318
9845,62,3116
9846,39,-2636
9847,53,894
9848,66,4047
9849,91,10306
9850,71,5401
9851,61,2750
9852,90,10023
9853,9,-10025
9854,3,-11712
9855,55,1290
9856,71,5407
9857,97,11884
9858,27,-5745
9859,27,-5561
9860,77,6900
9861,0,-12253
9862,19,-7557
9863,39,-2741
9864,14,-8772
9865,58,2150
9866,37,-3199
9867,43,-1674
9868,87,9339
9869,81,7946
9870,78,7190
9871,46,-954
9872,63,3404
9873,92,10550
9874,54,1072
9875,24,-6310
9876,25,-6176
9877,46,-986
9878,76,6549
9879,11,-9686
9880,69,4905
9881,21,-7200
9882,43,-1595
9883,37,-3247
9884,99,12355
9885,16,-8474
9886,97,11788
9887,61,2876
9888,35,-3666
9889,34,-3775
9890,2,-11893
9891,33,-4005
9892,55,1395
9893,72,5512
9894,60,2674
9895,32,-4390
9896,62,3183
9897,28,-5297
9898,79,7342
9899,11,-9684
9900,99,12411
9901,35,-3526
9902,89,9866
9903,9,-10204
9904,86,9031
9905,10,-9870
9906,43,-1579
9907,20,-7336
9908,63,3383
9909,46,-926
9910,34,-3854
9911,38,-2983
9912,80,7679
9913,37,-3018
9914,36,-3490
9915,21,-7161
9916,93,10862
9917,85,8858
9918,12,-9391
9919,26,-5797
9920,47,-649
9921,32,-4313
9922,77,6985
9923,50,214
9924,85,8787
9925,37,-3189
9926,34,-3789
9927,62,3092
9928,43,-1561
9929,16,-8376
9930,50,245
9931,29,-5122
9932,89,9899
9933,14,-8846
9934,36,-3253
9935,36,-3413
9936,99,12424
9937,71,5448
9938,35,-3542
9939,4,-11435
9940,83,8257
9941,25,-6035
9942,43,-1662
9943,21,-7141
9944,98,12209
9945,0,-12310
9946,99,12277
9947,32,-4415
9948,87,9269
9949,19,-7543
9950,61,2968
9951,35,-3686
9952,59,2480
9953,81,7782
9954,95,11397
9955,50,10
9956,70,5077
9957,37,-3245
9958,21,-7238
9959,79,7254
9960,60,2586
9961,29,-5111
9962,31,-4704
9963,34,-3809
9964,80,7559
9965,64,3668
9966,89,9894
9967,47,-642
9968,43,-1633
9969,20,-7473
9970,99,12333
9971,62,3060
9972,96,11728
9973,74,6200
9974,90,10065
9975,35,-3639
9976,89,9807
9977,35,-3647
9978,5,-11106
9979,31,-4713
9980,83,8259
9981,53,768
9982,88,9721
9983,38,-2957
9984,45,-1195
9985,35,-3541
9986,33,-4095
9987,17,-8159
9988,85,8979
9989,39,-2527
9990,53,833
9991,39,-2607
9992,30,-4916
9993,79,7496
9994,53,793
9995,28,-5367
9996,77,6820
9997,34,-3869
9998,69,4798
9999,30,-4965
10000,68,4631
10001,56,1606
10002,11,-9698
10003,32,-4321
10004,77,6845
10005,46,-888
10006,68,4692
10007,45,-1232
10008,53,868
10009,43,-1574
10010,31,-4675
10011,33,-4205
10012,27,-5644
10013,21,-7203
10014,17,-8235
10015,74,6112
10016,79,7369
10017,42,-1868
10018,46,-931
10019,38,-2875
10020,96,11634
10021,8,-10253
10022,28,-5438
10023,19,-7725
10024,83,8454
10025,56,1746
10026,59,2297
10027,40,-2370
10028,74,6091
10029,21,-7169
10030,70,5089
10031,31,-4586
10032,71,5254
10033,14,-8789
10034,11,-9689
10035,42,-1928
10036,72,5743
10037,5,-11219
10038,13,-9219
10039,16,-8365
10040,55,1438
10041,61,2880
10042,19,-7614
10043,27,-5565
10044,94,11039
10045,46,-792
10046,31,-4553
10047,38,-2881
10048,15,-8673
10049,97,11910
10050,28,-5277
10051,24,-6278
10052,60,2693
10053,0,-12341
10054,99,12292
10055,71,5340
10056,97,11949
10057,85,8946
10058,22,-6779
10059,84,8592
10060,83,8363
10061,19,-7576
10062,18,-7866
10063,37,-3011
10064,48,-387
10065,11,-9595
10066,17,-8074
10067,23,-6609
10068,68,4552
10069,78,7232
10070,75,6496
10071,85,8956
10072,69,4977
10073,3,-11617
10074,30,-4770
10075,32,-4385
10076,55,1275
10077,16,-8483
10078,3,-11711
10079,95,11374
10080,74,6177
10081,15,-8539
10082,83,8493
10083,28,-5341
10084,8,-10416
10085,28,-5453
10086,82,8085
10087,26,-5985
10088,86,9183
10089,2,-11838
10090,56,1533
10091,18,-7949
10092,98,12091
10093,39,-2563
10094,40,-2403
10095,39,-2715
10096,88,9745
10097,12,-9371
10098,8,-10418
10099,33,-4119
10100,94,11107
10101,29,-5199
10102,13,-9241
10103,42,-1984
10104,22,-6798
10105,51,268
10106,21,-7102
10107,31,-4521
10108,80,7707
10109,3,-11686
10110,2,-11844
10111,37,-3237
10112,97,11754
10113,67,4456
10114,27,-5724
10115,28,-5365
10116,88,9687
10117,26,-5811
10118,33,-4175
10119,96,11512
10120,50,237
10121,57,1750
10122,19,-7582
10123,18,-7990
10124,75,6327
10125,7,-10503
10126,6,-10907
10127,24,-6375
10128,52,573
10129,35,-3646
10130,50,233
10131,94,11112
10132,76,6670
10133,25,-6135
10134,10,-9768
10135,37,-3109
10136,12,-9417
10137,22,-6920
10138,14,-8967
10139,37,-3026
10140,59,2355
10141,12,-9315
10142,16,-8274
10143,35,-3684
10144,94,11239
10145,13,-9088
10146,82,8000
10147,30,-4998
10148,0,-12431
10149,0,-12373
10150,35,-3712
10151,93,10918
10152,11,-9598
10153,37,-3068
10154,95,11478
10155,49,-230
10156,97,11958
10157,53,842
10158,46,-991
10159,85,8842
10160,78,7174
10161,32,-4328
10162,59,2394
10163,28,-5264
10164,50,246
10165,6,-10985
10166,2,-11918
10167,57,1920
10168,45,-1097
10169,23,-6501
10170,61,2857
10171,48,-458
10172,64,3564
10173,13,-9186
10174,87,9426
10175,75,6470
10176,95,11415
10177,84,8556
10178,16,-8452
10179,9,-10215
10180,49,-185
10181,24,-6335
10182,61,2796
10183,52,728
10184,69,4973
10185,31,-4654
10186,87,9321
10187,69,4984
10188,72,5659
10189,89,9776
10190,65,3837
10191,28,-5485
10192,20,-7365
10193,62,3062
10194,0,-12413
10195,97,11968
10196,49,-167
10197,40,-2434
10198,65,3933
10199,28,-5276
10200,48,-359
10201,74,6026
10202,71,5393
10203,4,-11394
10204,72,5715
10205,16,-8323
10206,14,-8966
10207,80,7688
10208,27,-5728
10209,22,-6963
10210,99,12490
10211,27,-5513
10212,36,-3302
10213,13,-9176
10214,2,-11818
10215,54,1050
10216,86,9044
10217,98,12052
10218,98,12222
10219,24,-6473
10220,71,5342
10221,27,-5540
10222,52,525
10223,4,-11406
10224,62,3125
10225,3,-11539
10226,88,9505
10227,94,11140
10228,35,-3558
10229,17,-8063
10230,59,2457
10231,79,7498
10232,14,-8979
10233,38,-2835
10234,65,3830
10235,52,652
10236,82,8110
10237,20,-7460
10238,25,-6128
10239,33,-4219
10240,53,975
10241,98,12062
10242,88,9618
10243,40,-2376
10244,50,217
10245,52,580
10246,84,8717
10247,37,-3209
10248,70,5121
10249,22,-6786
10250,12,-9302
10251,39,-2638
10252,48,-395
10253,82,8182
10254,57,1956
10255,34,-3845
10256,65,3941
10257,75,6454
10258,23,-6725
10259,93,10858
10260,3,-11551
10261,1,-12166
10262,18,-7952
10263,53,796
10264,99,12266
10265,0,-12424
10266,42,-1832
10267,13,-9114
10268,72,5656
10269,50,60
10270,86,9028
10271,22,-6805
10272,87,9445
10273,40,-2443
10274,70,5153
10275,35,-3687
10276,90,10108
10277,1,-12069
10278,39,-2735
10279,29,-5197
10280,12,-9281
10281,47,-592
10282,76,6577
10283,14,-8862
10284,99,12387
10285,79,7384
10286,8,-10341
10287,59,2314
10288,4,-11461
10289,32,-4297
10290,88,9525
10291,47,-612
10292,37,-3141
10293,22,-6880
10294,84,8541
10295,38,-2965
10296,44,-1251
10297,24,-6253
10298,47,-666
10299,71,5284
10300,85,8889
10301,72,5646
10302,21,-7197
10303,32,-4293
10304,74,6247
10305,26,-5919
10306,58,2054
10307,57,1918
10308,69,4803
10309,59,2380
10310,57,1938
10311,86,9122
10312,95,11445
10313,40,-2303
10314,59,2494
10315,66,4234
10316,86,9032
10317,42,-1772
10318,91,10262
10319,24,-6413
10320,9,-10076
10321,36,-3428
10322,73,5858
10323,37,-3152
10324,87,9427
10325,26,-5815
10326,18,-7928
10327,10,-9918
10328,90,10224
10329,30,-4869
10330,66,4113
10331,52,584
10332,96,11571
10333,16,-8289
10334,14,-8978
10335,89,9774
10336,4,-11392
10337,23,-6607
10338,21,-7133
10339,20,-7382
10340,78,7106
10341,19,-7526
10342,56,1738
10343,35,-3677
10344,85,8751
10345,36,-3376
10346,42,-1916
10347,41,-2208
10348,70,5165
10349,52,740
10350,42,-1859
10351,29,-5221
10352,53,938
10353,36,-3440
10354,46,-963
10355,38,-2773
10356,53,777
10357,86,9246
10358,99,12396
10359,35,-3610
10360,89,9913
10361,90,10038
10362,16,-8463
10363,31,-4749
10364,26,-5828
10365,31,-4641
10366,26,-5759
10367,40,-2285
10368,10,-9901
10369,20,-7416
10370,50,44
10371,14,-8886
10372,74,6220
10373,77,6808
10374,30,-4771
10375,90,10238
10376,13,-9196
10377,18,-7805
10378,40,-2340
10379,92,10670
10380,43,-1685
10381,17,-8200
10382,40,-2398
10383,35,-3521
10384,25,-6223
10385,28,-5458
10386,99,12444
10387,56,1570
10388,36,-3483
10389,67,4420
10390,89,9781
10391,92,10612
10392,59,2406
10393,27,-5610
10394,7,-10507
10395,21,-7028
10396,65,3859
10397,81,7996
10398,46,-884
10399,80,7560
10400,73,5967
10401,17,-8153
10402,53,865
10403,76,6598
10404,29,-5152
10405,56,1600
10406,14,-8942
10407,37,-3197
10408,84,8646
10409,47,-746
10410,99,12353
10411,34,-3957
10412,92,10585
10413,26,-5795
10414,73,5976
10415,43,-1550
10416,98,12207
10417,56,1710
10418,7,-10613
10419,50,112
10420,25,-6152
10421,34,-3953
10422,76,6738
10423,85,8900
10424,61,2840
10425,39,-2593
10426,73,5773
10427,39,-2557
10428,99,12263
10429,13,-9089
10430,87,9350
10431,88,9730
10432,67,4482
10433,49,-54
10434,70,5029
10435,31,-4621
10436,81,7889
10437,14,-8993
10438,6,-10995
10439,6,-10954
10440,96,11615
10441,35,-3682
10442,49,-11
10443,54,1198
10444,95,11387
10445,41,-2238
10446,47,-635
10447,31,-4701
10448,43,-1699
10449,87,9312
10450,49,-62
10451,37,-3121
10452,19,-7744
10453,9,-10085
10454,38,-2838
10455,35,-3557
10456,68,4644
10457,34,-3762
10458,3,-11548
10459,86,9080
10460,65,3940
10461,86,9052
10462,77,6781
10463,24,-6355
10464,39,-2553
10465,16,-8328
10466,58,2241
10467,87,9360
10468,76,6660
10469,23,-6727
10470,22,-6945
10471,80,7654
10472,21,-7013
10473,3,-11606
10474,63,3345
10475,98,12110
10476,97,11813
10477,65,3760
10478,27,-5640
10479,34,-3880
10480,92,10633
10481,27,-5736
10482,76,6537
10483,34,-3823
10484,80,7619
10485,27,-5547
10486,55,1340
10487,3,-11674
10488,57,1831
10489,34,-3782
10490,4,-11414
10491,4,-11453
10492,73,5827
10493,21,-7167
10494,44,-1255
10495,71,5276
10496,70,5180
10497,35,-3633
10498,47,-624
10499,39,-2585
10500,85,8804
10501,16,-8307
10502,57,1760
10503,34,-3959
10504,12,-9280
10505,59,2460
10506,94,11196
10507,19,-7651
10508,95,11409
10509,41,-2243
10510,13,-9212
10511,32,-4465
10512,0,-12362
10513,43,-1650
10514,60,2724
10515,48,-402
10516,98,12180
10517,54,1130
10518,66,4161
10519,7,-10577
10520,98,12186
10521,55,1282
10522,13,-9231
10523,36,-3307
10524,97,11773
10525,23,-6663
10526,92,10580
10527,80,7728
10528,88,9508
10529,47,-562
10530,90,10117
10531,42,-1964
10532,5,-11208
10533,45,-1234
10534,13,-9007
10535,8,-10353
10536,91,10365
10537,86,9002
10538,18,-7944
10539,67,4406
10540,98,12043
10541,54,1064
10542,71,5404
10543,32,-4407
10544,68,4710
10545,51,302
10546,24,-6319
10547,24,-6481
10548,77,6867
10549,0,-12292
10550,55,1392
10551,82,8062
10552,36,-3452
10553,76,6704
10554,79,7396
10555,29,-5008
10556,72,5522
10557,30,-4773
10558,7,-10723
10559,14,-8926
10560,16,-8356
10561,11,-9680
10562,7,-10536
10563,34,-3939
10564,6,-10756
10565,22,-6853
10566,11,-9641
10567,36,-3360
10568,53,968
10569,20,-7251
10570,23,-6529
10571,27,-5705
10572,93,10799
10573,25,-6192
10574,62,3137
10575,63,3434
10576,45,-1081
10577,34,-3909
10578,60,2690
10579,80,7548
10580,80,7507
10581,2,-11780
10582,97,11944
10583,6,-10843
10584,88,9652
10585,54,1186
10586,17,-8134
10587,21,-7024
10588,85,8879
10589,84,8744
10590,98,12040
10591,20,-7281
10592,54,1183
10593,96,11636
10594,22,-6867
10595,14,-8821
10596,87,9379
10597,58,2108
10598,78,7204
10599,46,-756
10600,72,5517
10601,26,-5773
10602,31,-4645
10603,70,5020
10604,72,5623
10605,15,-8698
10606,37,-3158
10607,39,-2566
10608,50,29
10609,25,-6217
10610,16,-8258
10611,16,-8295
10612,55,1459
10613,10,-9999
10614,49,-106
10615,33,-4189
10616,11,-9681
10617,34,-3972
10618,73,5933
10619,15,-8617
10620,53,795
10621,15,-8659
10622,84,8601
10623,41,-2013
10624,74,6169
10625,96,11628
10626,80,7629
10627,10,-9959
10628,5,-11171
10629,39,-2535
10630,65,3773
10631,73,5792
10632,2,-11857
10633,95,11400
10634,74,6140
10635,16,-8406
10636,81,7795
10637,34,-3979
10638,42,-1820
10639,42,-1943
10640,48,-377
10641,21,-7065
10642,13,-9239
10643,41,-2211
10644,67,4437
10645,27,-5727
10646,68,4608
10647,38,-2757
10648,49,-161
10649,7,-10548
10650,15,-8705
10651,29,-5113
10652,84,8551
10653,19,-7513
10654,93,10781
10655,36,-3429
10656,75,6341
10657,6,-10999
10658,47,-726
10659,40,-2312
10660,91,10381
10661,24,-6301
10662,15,-8724
10663,35,-3718
10664,28,-5271
10665,41,-2026
10666,41,-2237
10667,41,-2125
10668,95,11293
10669,15,-8719
10670,57,1768
10671,34,-3904
10672,66,4138
10673,63,3382
10674,36,-3317
10675,98,12156
10676,81,7857
10677,86,9088
10678,61,2833
10679,46,-840
10680,63,3376
10681,41,-2087
10682,8,-10488
10683,37,-3034
10684,93,10907
10685,15,-8692
10686,9,-10012
10687,42,-1917
10688,14,-8752
10689,22,-6879
10690,78,7154
10691,78,7236
10692,74,6245
10693,79,7256
10694,1,-12154
10695,40,-2457
10696,92,10505
10697,36,-3326
10698,93,10897
10699,53,790
10700,69,4955
10701,62,3140
10702,39,-2700
10703,48,-500
10704,53,812
10705,42,-1981
10706,74,6128
10707,39,-2598
10708,88,9603
10709,17,-8002
10710,48,-260
10711,61,2988
10712,96,11698
10713,0,-12441
10714,24,-6400
10715,24,-6270
10716,7,-10667
10717,61,2802
10718,66,4176
10719,54,1066
10720,67,4466
10721,42,-1990
10722,15,-8716
10723,12,-9284
10724,80,7639
10725,5,-11028
10726,26,-5929
10727,22,-6970
10728,76,6695
10729,10,-9985
10730,63,3365
10731,36,-3453
10732,83,8251
10733,18,-7765
10734,20,-7497
10735,37,-3099
10736,94,11045
10737,87,9260
10738,2,-11872
10739,29,-5212
10740,53,847
10741,60,2614
10742,47,-735
10743,32,-4270
10744,49,-103
10745,30,-4894
10746,63,3482
10747,32,-4338
10748,51,293
10749,41,-2113
10750,95,11382
10751,42,-1877
10752,63,3492
10753,33,-4076
10754,90,10089
10755,38,-2993
10756,75,6271
10757,75,6498
10758,49,-47
10759,39,-2651
10760,51,434
10761,40,-2259
10762,1,-12162
10763,23,-6578
10764,98,12192
10765,7,-10735
10766,20,-7341
10767,64,3704
10768,99,12273
10769,48,-496
10770,8,-10464
10771,6,-10797
10772,96,11583
10773,8,-10254
10774,38,-2966
10775,37,-3120
10776,5,-11143
10777,99,12376
10778,50,220
10779,42,-1797
10780,79,7451
10781,46,-1000
10782,53,965
10783,72,5516
10784,10,-9872
10785,49,-88
10786,14,-8985
10787,15,-8737
10788,71,5267
10789,26,-5860
10790,89,9768
10791,24,-6461
10792,69,4767
10793,20,-7343
10794,52,648
10795,10,-9892
10796,59,2363
10797,14,-8810
10798,99,12437
10799,37,-3077
10800,89,9910
10801,7,-10672
10802,88,9528
10803,82,8152
10804,53,959
10805,74,6086
10806,22,-6784
10807,37,-3173
10808,60,2562
10809,35,-3592
10810,84,8730
10811,33,-4131
10812,47,-731
10813,75,6276
10814,63,3406
10815,24,-6259
10816,57,1935
10817,97,11848
10818,64,3585
10819,36,-3299
10820,97,11855
10821,29,-5029
10822,75,6413
10823,40,-2473
10824,88,9517
10825,44,-1418
10826,17,-8118
10827,21,-7172
10828,91,10347
10829,71,5386
10830,99,12464
10831,36,-3497
10832,17,-8110
10833,27,-5652
10834,73,5761
10835,39,-2678
10836,84,8749
10837,27,-5510
10838,85,8758
10839,42,-1769
10840,76,6519
10841,22,-6953
10842,59,2497
10843,8,-10372
10844,70,5115
10845,69,4918
10846,7,-10571
10847,6,-10979
10848,82,8042
10849,41,-2083
10850,8,-10439
10851,49,-154
10852,33,-4007
10853,83,8372
10854,50,208
10855,29,-5065
10856,16,-8317
10857,17,-8106
10858,0,-12370
10859,66,4044
10860,85,8951
10861,46,-774
10862,56,1712
10863,27,-5725
10864,70,5159
10865,9,-10099
10866,93,10920
10867,25,-6212
10868,52,727
10869,77,6774
10870,70,5205
10871,73,5780
10872,96,11576
10873,39,-2695
10874,16,-8310
10875,41,-2004
10876,74,6248
10877,20,-7356
10878,60,2504
10879,4,-11325
10880,14,-8838
10881,47,-574
10882,69,4861
10883,51,308
10884,84,8727
10885,99,12454
10886,23,-6545
10887,86,9108
10888,14,-8906
10889,87,9264
10890,1,-12020
10891,41,-2249
10892,93,10955
10893,27,-5518
10894,73,5849
10895,17,-8225
10896,51,410
10897,35,-3619
10898,34,-3846
10899,73,5816
10900,98,12081
10901,10,-9992
10902,50,145
10903,19,-7649
10904,79,7492
10905,33,-4098
10906,28,-5410
10907,20,-7458
10908,96,11675
10909,28,-5344
10910,3,-11668
10911,38,-2781
10912,73,5991
10913,58,2016
10914,20,-7311
10915,70,5142
10916,85,8871
10917,26,-5805
10918,54,1126
10919,74,6198
10920,48,-257
10921,45,-1106
10922,58,2056
10923,43,-1600
10924,55,1483
10925,10,-9793
10926,60,2590
10927,35,-3577
10928,57,1791
10929,2,-11883
10930,0,-12496
10931,36,-3313
10932,84,8567
10933,4,-11418
10934,80,7521
10935,67,4438
10936,56,1681
10937,56,1700
10938,91,10288
10939,8,-10395
10940,50,156
10941,46,-824
10942,79,7325
10943,29,-5037
10944,14,-8898
10945,1,-12206
10946,7,-10636
10947,9,-10129
10948,87,9481
10949,49,-170
10950,48,-422
10951,77,6920
10952,43,-1661
10953,42,-1781
10954,40,-2343
10955,36,-3466
10956,98,12003
10957,27,-5680
10958,85,8905
10959,27,-5613
10960,92,10629
10961,26,-5889
10962,50,113
10963,61,2872
10964,70,5026
10965,60,2618
10966,65,3897
10967,76,6590
10968,45,-1049
10969,90,10074
10970,83,8485
10971,29,-5154
10972,48,-327
10973,45,-1042
10974,3,-11519
10975,42,-1949
10976,8,-10255
10977,59,2448
10978,71,5281
10979,35,-3517
10980,97,11785
10981,4,-11367
10982,0,-12461
10983,17,-8132
10984,56,1639
10985,6,-10788
10986,1,-12118
10987,79,7338
10988,13,-9143
10989,1,-12195
10990,28,-5260
10991,32,-4431
10992,81,7781
10993,57,1818
10994,23,-6618
10995,15,-8521
10996,45,-1087
10997,42,-1771
10998,29,-5057
10999,24,-6260
11000,41,-2200
11001,49,-80
11002,43,-1526
11003,43,-1620
11004,75,6268
11005,11,-9672
11006,2,-11809
11007,17,-8102
11008,86,9237
11009,44,-1276
11010,36,-3446
11011,97,11750
11012,31,-4740
11013,25,-6213
11014,83,8488
11015,83,8452
11016,78,7175
11017,15,-8642
11018,47,-672
11019,41,-2171
11020,82,8187
11021,30,-4883
11022,86,9248
11023,43,-1540
11024,22,-6788
11025,14,-8799
11026,29,-5214
11027,93,10778
11028,47,-530
11029,41,-2068
11030,31,-4689
11031,85,8904
11032,24,-6487
11033,22,-6960
11034,58,2037
11035,33,-4233
11036,20,-7273
11037,23,-6719
11038,17,-8199
11039,35,-3509
11040,96,11703
11041,2,-11873
11042,91,10326
11043,36,-3363
11044,82,8147
11045,64,3714
11046,5,-11129
11047,61,2758
11048,79,7440
11049,37,-3022
11050,92,10622
11051,40,-2377
11052,54,1227
11053,84,8710
11054,66,4072
11055,25,-6069
11056,6,-10857
11057,56,1740
11058,81,7873
11059,15,-8635
11060,74,6207
11061,35,-3743
11062,57,1953
11063,28,-5325
11064,91,10482
11065,25,-6042
11066,52,546
11067,27,-5609
11068,26,-5763
11069,67,4356
11070,56,1646
11071,35,-3609
11072,15,-8749
11073,36,-3347
11074,52,685
11075,25,-6113
11076,91,10291
11077,85,8984
11078,99,12417
11079,61,2966
11080,44,-1469
11081,21,-7080
11082,31,-4502
11083,54,1114
11084,87,9403
11085,30,-4951
11086,54,1240
11087,39,-2597
11088,24,-6431
11089,4,-11455
11090,19,-7542
11091,48,-280
11092,80,7518
11093,9,-10190
11094,62,3158
11095,59,2476
11096,99,12351
11097,59,2276
11098,73,5806
11099,34,-3821
11100,36,-3336
11101,0,-12469
11102,4,-11355
11103,81,7944
11104,8,-10373
11105,92,10614
11106,58,2040
11107,94,11202
11108,80,7681
11109,6,-10933
11110,91,10302
11111,36,-3371
11112,17,-8021
11113,95,11322
11114,77,6869
11115,29,-5203
11116,89,9939
11117,86,9162
11118,12,-9268
11119,78,7074
11120,86,9085
11121,53,926
11122,92,10681
11123,22,-6808
11124,64,3699
11125,38,-2844
11126,39,-2550
11127,42,-1869
11128,48,-492
11129,38,-2995
11130,16,-8448
11131,13,-9249
11132,99,12274
11133,3,-11591
11134,54,1025
11135,42,-1989
11136,96,11564
11137,2,-11841
11138,3,-11662
11139,37,-3053
11140,51,303
11141,34,-3950
11142,46,-846
11143,28,-5267
11144,59,2272
11145,67,4468
11146,0,-12456
11147,57,1902
11148,87,9287
11149,42,-1929
11150,67,4417
11151,48,-412
11152,59,2349
11153,48,-478
11154,35,-3652
11155,30,-4798
11156,78,7197
11157,55,1266
11158,65,3905
11159,42,-1879
11160,52,548
11161,44,-1413
11162,95,11314
11163,90,10002
11164,84,8643
11165,7,-10605
11166,28,-5426
11167,79,7328
11168,29,-5246
11169,73,5940
11170,68,4677
11171,13,-9220
11172,16,-8445
11173,88,9572
11174,34,-3797
11175,40,-2397
11176,56,1617
11177,89,9836
11178,40,-2394
11179,45,-1192
11180,64,3639
11181,36,-3445
11182,56,1648
11183,33,-4069
11184,98,12071
11185,38,-2846
11186,96,11725
11187,42,-1842
11188,94,11233
11189,45,-1208
11190,0,-12476
11191,36,-3437
11192,76,6631
11193,74,6202
11194,39,-2568
11195,9,-10009
11196,75,6384
11197,40,-2369
11198,98,12218
11199,37,-3221
11200,61,2893
11201,91,10472
11202,71,5449
11203,30,-4993
11204,82,8051
11205,23,-6694
11206,30,-4962
11207,44,-1393
11208,12,-9349
11209,14,-8905
11210,85,8968
11211,30,-4985
11212,91,10283
11213,57,1844
11214,2,-11906
11215,59,2310
11216,9,-10139
11217,64,3634
11218,78,7070
11219,10,-9844
11220,53,771
11221,74,6046
11222,51,461
11223,31,-4608
11224,63,3436
11225,28,-5383
11226,32,-4344
11227,53,884
11228,95,11383
11229,83,8462
11230,5,-11009
11231,5,-11180
11232,80,7535
11233,18,-7813
11234,51,368
11235,3,-11708
11236,30,-4887
11237,54,1094
11238,20,-7467
11239,29,-5229
11240,96,11613
11241,72,5642
11242,32,-4355
11243,31,-4605
11244,41,-2074
11245,40,-2333
11246,17,-8154
11247,36,-3325
11248,48,-433
11249,25,-6067
11250,36,-3298
11251,38,-2849
11252,71,5430
11253,34,-3935
11254,4,-11306
11255,36,-3467
11256,70,5021
11257,1,-12157
11258,16,-8316
11259,40,-2342
11260,98,12059
11261,32,-4404
11262,20,-7443
11263,41,-2065
11264,57,1972
11265,35,-3613
11266,10,-9840
11267,97,11990
11268,62,3203
11269,85,8924
11270,31,-4671
11271,37,-3239
11272,12,-9425
11273,89,9934
11274,1,-12074
11275,71,5472
11276,50,185
11277,16,-8399
11278,18,-7905
11279,25,-6118
11280,49,-9
11281,76,6532
11282,66,4041
11283,40,-2497
11284,59,2441
11285,29,-5228
11286,72,5509
11287,78,7242
11288,79,7463
11289,11,-9577
11290,29,-5191
11291,6,-10768
11292,11,-9615
11293,34,-3915
11294,14,-8757
11295,15,-8559
11296,80,7674
11297,0,-12291
11298,27,-5661
11299,40,-2298
11300,11,-9617
11301,55,1470
11302,50,204
11303,37,-3125
11304,25,-6100
11305,71,5420
11306,14,-8991
11307,42,-1808
11308,94,11007
11309,10,-9847
11310,90,10149
11311,75,6294
11312,93,10839
11313,88,9646
11314,4,-11285
11315,99,12262
11316,85,8851
11317,17,-8009
11318,35,-3715
11319,33,-4101
11320,99,12431
11321,9,-10194
11322,46,-980
11323,23,-6746
11324,91,10363
11325,46,-758
11326,57,1846
11327,44,-1285
11328,27,-5701
11329,16,-8282
11330,50,154
11331,80,7582
11332,88,9634
11333,26,-5937
11334,24,-6309
11335,43,-1741
11336,94,11138
11337,19,-7547
11338,90,10124
11339,39,-2516
11340,50,11
11341,91,10488
11342,76,6613
11343,76,6536
11344,24,-6286
11345,20,-7368
11346,10,-9812
11347,22,-6825
11348,96,11529
11349,37,-3177
11350,2,-11908
11351,22,-6875
11352,92,10645
11353,95,11432
11354,26,-5991
11355,83,8482
11356,54,1181
11357,25,-6106
11358,60,2653
11359,33,-4181
11360,70,5245
11361,70,5232
11362,37,-3097
11363,19,-7598
11364,84,8547
11365,32,-4393
11366,48,-455
11367,33,-4222
11368,46,-823
11369,54,1056
11370,19,-7515
11371,23,-6705
11372,73,5899
11373,19,-7560
11374,33,-4234
11375,62,3096
11376,80,7655
11377,24,-6342
11378,5,-11020
11379,71,5274
11380,20,-7399
11381,10,-9752
11382,58,2246
11383,86,9164
11384,12,-9494
11385,44,-1287
11386,70,5157
11387,2,-11859
11388,85,8759
11389,22,-6872
11390,33,-4059
11391,45,-1056
11392,46,-839
11393,60,2616
11394,64,3550
11395,43,-1537
11396,17,-8108
11397,41,-2063
11398,2,-11865
11399,43,-1733
11400,92,10549
11401,54,1098
11402,60,2502
11403,6,-10913
11404,88,9691
11405,87,9410
11406,66,4201
11407,65,3774
11408,26,-5767
11409,4,-11404
11410,51,361
11411,56,1616
11412,54,1247
11413,5,-11189
11414,6,-10785
11415,1,-12135
11416,17,-8089
11417,25,-6156
11418,5,-11108
11419,58,2226
11420,96,11740
11421,72,5718
11422,0,-12286
11423,94,11042
11424,85,8790
11425,25,-6148
11426,39,-2632
11427,37,-3046
11428,62,3235
11429,35,-3706
11430,95,11361
11431,67,4486
11432,58,2141
11433,56,1652
11434,40,-2363
11435,6,-10848
11436,69,4979
11437,87,9336
11438,97,11893
11439,90,10094
11440,5,-11024
11441,13,-9092
11442,9,-10239
11443,81,7852
11444,44,-1365
11445,39,-2562
11446,55,1386
11447,71,5432
11448,87,9439
11449,1,-12149
11450,28,-5480
11451,97,11938
11452,89,9757
11453,60,2608
11454,19,-7640
11455,36,-3477
11456,84,8578
11457,66,4052
11458,46,-844
11459,98,12232
11460,84,8569
11461,14,-8824
11462,96,11697
11463,35,-3576
11464,50,129
11465,57,1782
11466,39,-2652
11467,13,-9185
11468,99,12331
11469,38,-2792
11470,48,-439
11471,77,6928
11472,65,3775
11473,55,1312
11474,90,10026
11475,41,-2105
11476,55,1411
11477,1,-12054
11478,81,7933
11479,62,3004
11480,95,11497
11481,52,524
11482,26,-5827
11483,44,-1264
11484,37,-3062
11485,32,-4459
11486,87,9334
11487,33,-4053
11488,84,8511
11489,15,-8575
11490,0,-12452
11491,68,4604
11492,59,2387
11493,67,4426
11494,51,442
11495,30,-4782
11496,69,4967
11497,50,138
11498,95,11436
11499,28,-5448
11500,99,12423
11501,98,12030
11502,13,-9156
11503,40,-2365
11504,81,7912
11505,36,-3431
11506,70,5236
11507,45,-1063
11508,47,-619
11509,67,4452
11510,55,1342
11511,76,6512
11512,90,10232
11513,19,-7675
11514,17,-8087
11515,62,3016
11516,74,6127
11517,81,7958
11518,95,11344
11519,39,-2517
11520,73,5823
11521,60,2526
11522,77,6961
11523,8,-10305
11524,58,2062
11525,96,11644
11526,68,4649
11527,13,-9136
11528,57,1855
11529,54,1218
11530,62,3040
11531,72,5540
11532,93,10833
11533,17,-8214
11534,23,-6596
11535,44,-1397
11536,86,9191
11537,32,-4266
11538,1,-12015
11539,31,-4665
11540,98,12055
11541,29,-5088
11542,36,-3425
11543,31,-4509
11544,8,-10329
11545,18,-7788
11546,49,-184
11547,22,-6840
11548,94,11065
11549,13,-9168
11550,41,-2121
11551,42,-1908
11552,71,5260
11553,52,748
11554,19,-7537
11555,17,-8029
11556,86,9207
11557,64,3584
11558,43,-1713
11559,73,5928
11560,59,2382
11561,25,-6027
11562,20,-7334
11563,36,-3333
11564,53,971
11565,20,-7367
11566,3,-11524
11567,39,-2645
11568,84,8512
11569,82,8166
11570,50,50
11571,38,-2930
11572,4,-11468
11573,12,-9299
11574,64,3605
11575,16,-8269
11576,70,5170
11577,76,6500
11578,66,4101
11579,48,-318
11580,78,7235
11581,26,-5846
11582,0,-12356
11583,61,2882
11584,76,6581
11585,4,-11314
11586,81,7753
11587,37,-3249
11588,96,11689
11589,96,11744
11590,56,1672
11591,32,-4365
11592,98,12137
11593,14,-8873
11594,19,-7748
11595,94,11154
11596,98,12203
11597,36,-3305
11598,7,-10725
11599,43,-1721
11600,84,8536
11601,5,-11142
11602,21,-7078
11603,70,5132
11604,91,10465
11605,12,-9385
11606,31,-4742
11607,36,-3293
11608,97,11751
11609,45,-1150
11610,1,-12029
11611,40,-2455
11612,56,1595
11613,30,-4791
11614,18,-7857
11615,14,-8848
11616,50,143
11617,40,-2483
11618,28,-5450
11619,26,-5908
11620,79,7399
11621,15,-8693
11622,57,1789
11623,60,2560
11624,27,-5509
11625,66,4244
11626,91,10310
11627,44,-1401
11628,68,4619
11629,21,-7014
11630,24,-6495
11631,37,-3051
11632,6,-10955
11633,58,2162
11634,51,325
11635,45,-1019
11636,0,-12344
11637,33,-4062
11638,71,5348
11639,12,-9359
11640,7,-10628
11641,40,-2286
11642,5,-11026
11643,8,-10386
11644,53,900
11645,87,9442
11646,37,-3205
11647,41,-2185
11648,93,10791
11649,54,1232
11650,72,5744
11651,8,-10252
11652,86,9223
11653,90,10120
11654,55,1461
11655,62,3104
11656,78,7005
11657,1,-12022
11658,48,-320
11659,38,-2907
11660,94,11147
11661,19,-7678
11662,30,-4861
11663,11,-9627
11664,99,12320
11665,37,-3143
11666,31,-4544
11667,44,-1420
11668,96,11651
11669,35,-3525
11670,0,-12408
11671,35,-3501
11672,7,-10684
11673,71,5336
11674,1,-12039
11675,77,6934
11676,76,6747
11677,34,-3753
11678,96,11622
11679,98,12170
11680,53,917
11681,54,1004
11682,23,-6581
11683,38,-2945
11684,72,5500
11685,27,-5679
11686,61,2921
11687,45,-1020
11688,65,3805
11689,59,2352
11690,31,-4596
11691,28,-5407
11692,92,10635
11693,31,-4529
11694,99,12440
11695,39,-2692
11696,31,-4739
11697,45,-1013
11698,7,-10681
11699,36,-3499
11700,45,-1021
11701,48,-390
11702,46,-993
11703,32,-4463
11704,98,12175
11705,63,3430
11706,61,2920
11707,8,-10442
11708,60,2657
11709,21,-7151
11710,49,-232
11711,42,-1941
11712,84,8623
11713,29,-5231
11714,88,9741
11715,46,-965
11716,91,10309
11717,30,-4895
11718,91,10450
11719,45,-1175
11720,68,4720
11721,16,-8484
11722,82,8056
11723,41,-2153
11724,77,6979
11725,36,-3495
11726,41,-2035
11727,87,9444
11728,76,6746
11729,22,-6979
11730,20,-7302
11731,92,10578
11732,91,10431
11733,22,-6831
11734,97,11826
11735,14,-8921
11736,93,10845
11737,66,4042
11738,83,8477
11739,45,-1135
11740,61,2842
11741,30,-4989
11742,58,2204
11743,73,5930
11744,90,10217
11745,23,-6657
11746,45,-1047
11747,53,912
11748,75,6323
11749,22,-6905
11750,21,-7207
11751,11,-9522
11752,62,3056
11753,8,-10495
11754,16,-8427
11755,46,-928
11756,96,11611
11757,20,-7475
11758,57,1826
11759,16,-8384
11760,72,5746
11761,34,-3895
11762,27,-5670
11763,50,244
11764,8,-10480
11765,14,-8922
11766,28,-5324
11767,72,5680
11768,65,3822
11769,21,-7110
11770,38,-2805
11771,24,-6460
11772,25,-6121
11773,76,6516
11774,83,8428
11775,26,-5861
11776,17,-8209
11777,58,2136
11778,31,-4627
11779,38,-2867
11780,23,-6743
11781,17,-8231
11782,93,10798
11783,38,-2845
11784,71,5352
11785,97,11966
11786,46,-798
11787,27,-5558
11788,77,6923
11789,49,-242
11790,18,-7785
11791,43,-1737
11792,91,10367
11793,68,4612
11794,4,-11275
11795,22,-7000
11796,93,10828
11797,34,-3812
11798,91,10350
11799,83,8302
11800,68,4600
11801,22,-6815
11802,42,-1777
11803,50,36
11804,9,-10020
11805,64,3574
11806,89,9845
11807,89,9764
11808,96,11681
11809,68,4568
11810,86,9208
11811,11,-9654
11812,4,-11311
11813,3,-11549
11814,91,10337
11815,64,3738
11816,13,-9209
11817,42,-1883
11818,81,7970
11819,31,-4622
11820,16,-8271
11821,69,4868
11822,39,-2580
11823,65,3758
11824,60,2641
11825,27,-5650
11826,90,10212
11827,32,-4345
11828,75,6343
11829,84,8728
11830,90,10181
11831,23,-6535
11832,85,8825
11833,9,-10122
11834,83,8496
11835,36,-3418
11836,95,11483
11837,37,-3192
11838,48,-462
11839,33,-4147
11840,7,-10727
11841,36,-3292
11842,25,-6055
11843,73,5874
11844,76,6681
11845,37,-3006
11846,42,-1819
11847,53,776
11848,91,10269
11849,50,32
11850,22,-6922
11851,10,-9817
11852,71,5347
11853,24,-6313
11854,53,801
11855,15,-8709
11856,19,-7523
11857,97,11822
11858,7,-10629
11859,96,11522
11860,92,10583
11861,20,-7366
11862,35,-3607
11863,44,-1441
11864,45,-1101
11865,22,-6985
11866,91,10373
11867,28,-5305
11868,74,6211
11869,38,-2956
11870,52,744
11871,60,2660
11872,89,9863
11873,8,-10408
11874,94,11049
11875,49,-162
11876,72,5631
11877,14,-8877
11878,49,-14
11879,16,-8439
11880,57,1767
11881,39,-2536
11882,71,5261
11883,37,-3049
11884,59,2454
11885,75,6398
11886,51,253
11887,41,-2205
11888,2,-11782
11889,8,-10493
11890,48,-486
11891,31,-4694
11892,59,2371
11893,25,-6237
11894,65,3877
11895,24,-6317
11896,19,-7716
11897,1,-12024
11898,6,-10900
11899,58,2050
11900,76,6646
11901,83,8300
11902,56,1569
11903,79,7442
11904,68,4569
11905,77,6830
11906,99,12449
11907,1,-12186
11908,88,9571
11909,40,-2351
11910,50,236
11911,46,-958
11912,91,10397
11913,33,-4193
11914,40,-2477
11915,30,-4755
11916,38,-2775
11917,69,4840
11918,9,-10222
11919,74,6110
11920,58,2245
11921,25,-6191
11922,76,6525
11923,33,-4129
11924,97,11955
11925,6,-10938
11926,6,-10770
11927,33,-4030
11928,42,-1821
11929,18,-7752
11930,82,8101
11931,47,-742
11932,91,10467
11933,56,1590
11934,38,-2914
11935,41,-2069
11936,68,4746
11937,99,12460
11938,20,-7259
11939,41,-2175
11940,54,1041
11941,45,-1010
11942,84,8561
11943,47,-695
11944,39,-2609
11945,54,1108
11946,5,-11209
11947,15,-8723
11948,67,4427
11949,74,6180
11950,46,-873
11951,44,-1445
11952,34,-3773
11953,76,6540
11954,99,12332
11955,38,-2862
11956,94,11027
11957,12,-9437
11958,32,-4441
11959,8,-10450
11960,74,6108
11961,32,-4479
11962,30,-4809
11963,6,-10821
11964,82,8161
11965,40,-2491
11966,90,10229
11967,67,4320
11968,41,-2115
11969,0,-12394
11970,86,9152
11971,3,-11704
11972,89,9779
11973,38,-2997
11974,0,-12308
11975,15,-8739
11976,92,10661
11977,2,-11846
11978,4,-11425
11979,0,-12372
11980,95,11484
11981,26,-5959
11982,36,-3283
11983,29,-5087
11984,78,7135
11985,26,-5786
11986,17,-8212
11987,75,6402
11988,62,3213
11989,47,-589
11990,78,7049
11991,97,11792
11992,98,12151
11993,98,12058
11994,25,-6084
11995,46,-821
11996,97,11971
11997,38,-2863
11998,36,-3263
11999,43,-1749
12000,36,-3345
12001,39,-2551
12002,7,-10552
12003,95,11440
12004,34,-3858
12005,33,-4153
12006,94,11158
12007,91,10468
12008,92,10529
12009,9,-10183
12010,91,10329
12011,4,-11449
12012,82,8091
12013,9,-10149
12014,52,654
12015,3,-11609
12016,54,1234
12017,68,4656
12018,60,2509
12019,31,-4741
12020,68,4504
12021,25,-6005
12022,81,7893
12023,39,-2575
12024,69,4865
12025,43,-1515
12026,34,-3841
12027,97,11964
12028,6,-10982
12029,35,-3606
12030,79,7430
12031,55,1336
12032,96,11661
12033,23,-6735
12034,97,11981
12035,73,5988
12036,76,6533
12037,5,-11022
12038,59,2333
12039,41,-2051
12040,92,10618
12041,70,5024
12042,60,2673
12043,45,-1105
12044,84,8587
12045,51,488
12046,23,-6643
12047,62,3114
12048,33,-4122
12049,78,7182
12050,7,-10660
12051,14,-8908
12052,63,3283
12053,77,6918
12054,4,-11411
12055,35,-3721
12056,82,8087
12057,66,4218
12058,3,-11628
12059,47,-510
12060,96,11747
12061,98,12010
12062,24,-6453
12063,31,-4658
12064,15,-8670
12065,63,3370
12066,53,846
12067,45,-1027
12068,93,10883
12069,31,-4721
12070,48,-426
12071,26,-5845
12072,16,-8490
12073,77,6896
12074,36,-3353
12075,37,-3089
12076,19,-7695
12077,36,-3455
12078,73,5853
12079,45,-1183
12080,3,-11706
12081,47,-654
12082,42,-1872
12083,32,-4468
12084,94,11015
12085,90,10144
12086,66,4089
12087,39,-2677
12088,30,-4901
12089,61,2992
12090,94,11173
12091,38,-2938
12092,91,10286
12093,46,-849
12094,2,-11783
12095,49,-212
12096,66,4103
12097,15,-8581
12098,70,5169
12099,45,-1095
12100,90,10236
12101,78,7022
12102,22,-6966
12103,69,4956
12104,42,-1892
12105,2,-11832
12106,58,2240
12107,56,1558
12108,98,12181
12109,48,-495
12110,85,8981
12111,36,-3314
12112,75,6298
12113,76,6690
12114,22,-6818
12115,40,-2383
12116,20,-7500
12117,19,-7597
12118,93,10761
12119,72,5720
12120,11,-9574
12121,71,5446
12122,8,-10409
12123,26,-5794
12124,89,9915
12125,35,-3733
12126,33,-4166
12127,31,-4661
12128,43,-1545
12129,32,-4490
12130,73,5942
12131,41,-2190
12132,5,-11027
12133,15,-8631
12134,30,-4943
12135,5,-11134
12136,37,-3061
12137,45,-1023
12138,78,7029
12139,34,-3829
12140,95,11447
12141,29,-5218
12142,32,-4493
12143,30,-4789
12144,72,5501
12145,24,-6396
12146,55,1426
12147,97,11794
12148,22,-6832
12149,32,-4402
12150,67,4477
12151,41,-2029
12152,84,8670
12153,34,-3835
12154,21,-7074
12155,20,-7377
12156,40,-2341
12157,87,9290
12158,94,11073
12159,21,-7004
12160,79,7309
12161,31,-4530
12162,46,-852
12163,20,-7461
12164,61,2973
12165,19,-7637
12166,98,12032
12167,46,-869
12168,52,704
12169,48,-453
12170,44,-1308
12171,42,-1828
12172,68,4716
12173,85,8800
12174,62,3054
12175,45,-1061
12176,60,2543
12177,54,1212
12178,91,10314
12179,37,-3129
12180,38,-2860
12181,46,-769
12182,25,-6115
12183,34,-3889
12184,1,-12222
12185,37,-3024
12186,15,-8544
12187,13,-9177
12188,64,3721
12189,53,832
12190,58,2114
12191,47,-517
12192,78,7173
12193,20,-7313
12194,62,3204
12195,29,-5101
12196,51,319
12197,49,-180
12198,51,288
12199,47,-601
12200,78,7156
12201,1,-12100
12202,61,2776
12203,37,-3017
12204,82,8127
12205,25,-6049
12206,1,-12040
12207,16,-8485
12208,75,6406
12209,37,-3161
12210,23,-6534
12211,42,-1953
12212,64,3545
12213,38,-2803
12214,85,8846
12215,16,-8251
12216,79,7469
12217,59,2332
12218,59,2365
12219,74,6196
12220,89,9930
12221,70,5228
12222,46,-780
12223,29,-5233
12224,68,4678
12225,93,10772
12226,40,-2486
12227,70,5034
12228,86,9119
12229,43,-1625
12230,23,-6693
12231,37,-3187
12232,79,7464
12233,50,96
12234,30,-4784
12235,43,-1647
12236,10,-9991
12237,73,5900
12238,72,5544
12239,48,-423
12240,74,6068
12241,81,7868
12242,75,6340
12243,10,-9926
12244,73,5807
12245,20,-7457
12246,95,11385
12247,8,-10299
12248,59,2311
12249,28,-5340
12250,59,2281
12251,20,-7417
12252,95,11323
12253,47,-698
12254,61,2757
12255,46,-766
12256,19,-7719
12257,28,-5497
12258,60,2661
12259,47,-508
12260,90,10147
12261,39,-2502
12262,60,2652
12263,24,-6334
12264,61,2825
12265,3,-11672
12266,28,-5353
12267,44,-1309
12268,50,18
12269,13,-9021
12270,24,-6423
12271,30,-4793
12272,50,93
12273,2,-11882
12274,91,10278
12275,11,-9511
12276,69,4897
12277,0,-12399
12278,94,11113
12279,34,-3849
12280,72,5589
12281,33,-4103
12282,5,-11023
12283,48,-449
12284,88,9586
12285,51,252
12286,20,-7477
12287,32,-4309
12288,97,11937
12289,25,-6248
12290,22,-6833
12291,25,-6182
12292,98,12119
12293,93,10814
12294,49,-104
12295,48,-252
12296,96,11687
12297,51,402
12298,69,4804
12299,28,-5425
12300,69,4761
12301,16,-8315
12302,83,8417
12303,44,-1486
12304,91,10351
12305,35,-3649
12306,39,-2519
12307,63,3286
12308,0,-12459
12309,48,-299
12310,33,-4188
12311,44,-1386
12312,62,3081
12313,66,4020
12314,32,-4472
12315,7,-10543
12316,75,6435
12317,35,-3534
12318,82,8201
12319,1,-12106
12320,69,4783
12321,79,7294
12322,69,4954
12323,47,-658
12324,64,3645
12325,39,-2561
12326,63,3352
12327,45,-1164
12328,17,-8085
12329,28,-5412
12330,58,2157
12331,77,6944
12332,77,6881
12333,44,-1357
12334,33,-4248
12335,42,-1885
12336,19,-7534
12337,45,-1067
12338,50,49
12339,20,-7327
12340,32,-4380
12341,42,-1873
12342,21,-7130
12343,67,4484
12344,87,9367
12345,46,-989
12346,42,-1767
12347,73,5954
12348,25,-6064
12349,30,-4833
12350,78,7149
12351,58,2010
12352,6,-10964
12353,42,-1891
12354,44,-1346
12355,48,-345
12356,72,5609
12357,3,-11638
12358,55,1408
12359,44,-1446
12360,66,4125
12361,90,10050
12362,51,476
12363,95,11316
12364,91,10411
12365,67,4488
12366,29,-5162
12367,35,-3549
12368,79,7277
12369,37,-3013
12370,86,9118
12371,2,-11764
12372,50,101
12373,10,-9759
12374,6,-10790
12375,55,1322
12376,70,5087
12377,56,1614
12378,84,8649
12379,83,8306
12380,89,9976
12381,71,5398
12382,82,8033
12383,94,11018
12384,40,-2388
12385,43,-1552
12386,31,-4630
12387,77,6984
12388,10,-9766
12389,43,-1615
12390,94,11114
12391,33,-4083
12392,75,6439
12393,58,2186
12394,27,-5586
12395,42,-1751
12396,83,8415
12397,73,5804
12398,33,-4177
12399,59,2470
12400,36,-3397
12401,14,-8899
12402,67,4273
12403,27,-5532
12404,89,9982
12405,47,-683
12406,25,-6123
12407,92,10728
12408,23,-6679
12409,43,-1652
12410,37,-3014
12411,78,7210
12412,76,6691
12413,13,-9050
12414,31,-4738
12415,62,3048
12416,76,6511
12417,15,-8577
12418,88,9561
12419,75,6420
12420,58,2017
12421,9,-10057
12422,46,-820
12423,13,-9222
12424,55,1365
12425,23,-6557
12426,2,-11806
12427,48,-344
12428,62,3079
12429,9,-10142
12430,95,11353
12431,41,-2089
12432,22,-6898
12433,26,-5883
12434,47,-629
12435,59,2288
12436,73,5791
12437,5,-11157
12438,15,-8731
12439,3,-11744
12440,35,-3548
12441,34,-3967
12442,62,3160
12443,60,2550
12444,64,3547
12445,36,-3331
12446,54,1172
12447,45,-1032
12448,88,9583
12449,36,-3451
12450,52,644
12451,48,-445
12452,19,-7643
12453,41,-2033
12454,46,-775
12455,54,1220
12456,93,10847
12457,47,-648
12458,62,3248
12459,41,-2109
12460,84,8667
12461,39,-2665
12462,61,2901
12463,66,4220
12464,15,-8535
12465,31,-4512
12466,13,-9135
12467,5,-11146
12468,57,1847
12469,39,-2690
12470,75,6306
12471,40,-2469
12472,75,6394
12473,9,-10062
12474,21,-7020
12475,84,8738
12476,75,6429
12477,28,-5384
12478,92,10680
12479,65,3812
12480,1,-12165
12481,47,-639
12482,90,10172
12483,49,-64
12484,70,5185
12485,78,7168
12486,59,2305
12487,12,-9419
12488,83,8464
12489,7,-10529
12490,27,-5624
12491,88,9716
12492,93,10795
12493,87,9384
12494,9,-10092
12495,80,7584
12496,82,8175
12497,48,-381
12498,95,11301
12499,13,-9230
12500,88,9699
12501,1,-12168
12502,90,10177
12503,47,-585
12504,52,510
12505,43,-1505
12506,83,8390
12507,68,4588
12508,88,9533
12509,44,-1381
12510,56,1701
12511,19,-7580
12512,95,11391
12513,48,-457
12514,7,-10504
12515,32,-4304
12516,76,6595
12517,35,-3563
12518,22,-6768
12519,81,7956
12520,74,6209
12521,38,-2979
12522,49,-197
12523,73,5870
12524,95,11255
12525,0,-12325
12526,2,-11913
12527,13,-9115
12528,34,-3822
12529,24,-6311
12530,43,-1708
12531,19,-7673
12532,94,11031
12533,15,-8634
12534,84,8650
12535,14,-8766
12536,30,-4921
12537,17,-8065
12538,73,5882
12539,39,-2667
12540,93,10992
12541,60,2644
12542,64,3693
12543,41,-2133
12544,35,-3746
12545,26,-5754
12546,29,-5164
12547,21,-7135
12548,75,6279
12549,11,-9669
12550,97,11870
12551,49,-153
12552,51,391
12553,7,-10677
12554,81,7812
12555,49,-45
12556,99,12299
12557,46,-925
12558,32,-4447
12559,49,-101
12560,44,-1358
12561,76,6730
12562,86,9064
12563,4,-11349
12564,55,1407
12565,31,-4624
12566,49,-58
12567,24,-6338
12568,3,-11532
12569,16,-8255
12570,82,8041
12571,76,6624
12572,85,8945
12573,74,6052
12574,70,5241
12575,83,8258
12576,55,1495
12577,41,-2148
12578,89,9822
12579,41,-2141
12580,84,8665
12581,50,64
12582,78,7181
12583,70,5162
12584,76,6745
12585,3,-11738
12586,2,-11912
12587,81,7816
12588,84,8651
12589,61,2928
12590,12,-9329
12591,47,-675
12592,74,6010
12593,54,1062
12594,6,-10929
12595,50,65
12596,99,12433
12597,41,-2217
12598,96,11533
12599,41,-2168
12600,53,911
12601,17,-8001
12602,86,9124
12603,57,1912
12604,80,7727
12605,51,432
12606,61,2976
12607,63,3386
12608,57,1962
12609,43,-1581
12610,4,-11478
12611,40,-2440
12612,84,8527
12613,26,-5804
12614,23,-6552
12615,20,-7469
12616,80,7617
12617,34,-3937
12618,0,-12471
12619,7,-10558
12620,55,1296
12621,56,1692
12622,49,-204
12623,51,418
12624,30,-4936
12625,49,-71
12626,69,4797
12627,25,-6103
12628,19,-7503
12629,91,10330
12630,40,-2399
12631,11,-9506
12632,46,-778
12633,69,4994
12634,73,5969
12635,49,-121
12636,18,-7848
12637,44,-1383
12638,47,-596
12639,62,3226
12640,75,6313
12641,47,-720
12642,58,2210
12643,21,-7092
12644,46,-768
12645,68,4680
12646,57,1926
12647,31,-4657
12648,58,2004
12649,49,-113
12650,71,5317
12651,80,7742
12652,79,7455
12653,30,-4801
12654,30,-4870
12655,58,2082
12656,89,9918
12657,2,-11954
12658,2,-11880
12659,64,3524
12660,84,8565
12661,85,8756
12662,18,-7891
12663,62,3088
12664,85,8757
12665,24,-6271
12666,28,-5268
12667,50,168
12668,79,7280
12669,32,-4347
12670,80,7605
12671,25,-6105
12672,63,3375
12673,80,7718
12674,75,6421
12675,43,-1539
12676,19,-7627
12677,86,9224
12678,63,3381
12679,19,-7619
12680,47,-627
12681,65,3860
12682,82,8125
12683,16,-8335
12684,82,8171
12685,45,-1073
12686,57,1992
12687,38,-2821
12688,18,-7769
12689,19,-7558
12690,48,-382
12691,31,-4662
12692,78,7091
12693,31,-4575
12694,39,-2523
12695,95,11396
12696,90,10183
12697,46,-917
12698,47,-576
12699,14,-8960
12700,89,9975
12701,57,1968
12702,0,-12345
12703,60,2646
12704,72,5510
12705,64,3596
12706,16,-8440
12707,47,-677
12708,95,11251
12709,48,-414
12710,24,-6379
12711,44,-1277
12712,53,813
12713,57,1960
12714,51,477
12715,46,-955
12716,61,2863
12717,85,8896
12718,24,-6470
12719,40,-2325
12720,58,2079
12721,75,6434
12722,19,-7564
12723,99,12264
12724,57,1758
12725,32,-4473
12726,21,-7123
12727,40,-2430
12728,56,1500
12729,23,-6597
12730,73,5857
12731,46,-895
12732,93,10921
12733,75,6318
12734,81,7809
12735,50,51
12736,23,-6505
12737,47,-575
12738,9,-10058
12739,69,4966
12740,58,2173
12741,41,-2186
12742,82,8234
12743,50,109
12744,96,11677
12745,17,-8043
12746,67,4413
12747,28,-5293
12748,79,7405
12749,6,-10942
12750,56,1520
12751,91,10394
12752,80,7510
12753,65,3756
12754,60,2645
12755,88,9560
12756,33,-4084
12757,6,-10775
12758,0,-12400
12759,44,-1373
12760,47,-743
12761,15,-8729
12762,96,11641
12763,32,-4295
12764,93,10850
12765,45,-1109
12766,46,-915
12767,68,4682
12768,88,9733
12769,22,-6842
12770,64,3565
12771,59,2398
12772,80,7603
12773,39,-2546
12774,39,-2720
12775,48,-349
12776,54,1119
12777,37,-3056
12778,32,-4353
12779,44,-1281
12780,67,4307
12781,9,-10218
12782,42,-1762
12783,44,-1379
12784,88,9597
12785,88,9600
12786,29,-5141
12787,49,-89
12788,89,9759
12789,96,11556
12790,65,3829
12791,55,1428
12792,57,1839
12793,31,-4615
12794,13,-9128
12795,42,-1757
12796,82,8206
12797,5,-11176
12798,99,12485
12799,77,6992
12800,64,3665
12801,44,-1467
12802,27,-5734
12803,46,-841
12804,58,2101
12805,55,1364
12806,96,11626
12807,86,9136
12808,99,12375
12809,45,-1236
12810,96,11653
12811,35,-3544
12812,87,9451
12813,41,-2095
12814,75,6369
12815,43,-1637
12816,67,4473
12817,10,-9936
12818,35,-3629
12819,95,11454
12820,25,-6184
12821,9,-10114
12822,3,-11678
12823,35,-3519
12824,60,2554
12825,16,-8261
12826,83,8486
12827,33,-4164
12828,82,8074
12829,33,-4249
12830,73,5906
12831,32,-4387
12832,40,-2414
12833,43,-1649
12834,18,-7779
12835,46,-805
12836,39,-2739
12837,42,-1855
12838,50,70
12839,25,-6041
12840,11,-9660
12841,28,-5471
12842,97,11976
12843,7,-10669
12844,20,-7264
12845,63,3450
12846,9,-10044
12847,30,-4892
12848,88,9620
12849,39,-2569
12850,11,-9600
12851,86,9026
12852,9,-10214
12853,30,-4866
12854,90,10213
12855,29,-5027
12856,97,11847
12857,48,-302
12858,82,8237
12859,27,-5656
12860,52,519
12861,13,-9184
12862,44,-1333
12863,56,1656
12864,92,10674
12865,34,-3861
12866,25,-6216
12867,35,-3523
12868,27,-5585
12869,0,-12388
12870,34,-3813
12871,2,-11903
12872,73,5977
12873,90,10032
12874,71,5297
12875,13,-9057
12876,86,9195
12877,62,3186
12878,20,-7306
12879,35,-3741
12880,17,-8227
12881,26,-5753
12882,62,3030
12883,30,-4914
12884,66,4094
12885,37,-3183
12886,36,-3393
12887,32,-4381
12888,52,742
12889,12,-9303
12890,38,-2804
12891,1,-12008
12892,78,7076
12893,37,-3074
12894,77,6757
12895,50,197
12896,18,-7833
12897,45,-1155
12898,24,-6305
12899,47,-714
12900,24,-6467
12901,12,-9445
12902,75,6366
12903,68,4734
12904,92,10727
12905,10,-9850
12906,70,5225
12907,39,-2603
12908,59,2275
12909,17,-8117
12910,73,5784
12911,8,-10272
12912,85,8895
12913,37,-3162
12914,89,9826
12915,54,1238
12916,23,-6561
12917,10,-9972
12918,46,-937
12919,39,-2647
12920,78,7159
12921,47,-545
12922,83,8362
12923,42,-1957
12924,82,8063
12925,6,-10908
12926,12,-9366
12927,31,-4517
12928,52,631
12929,3,-11508
12930,34,-3786
12931,43,-1669
12932,67,4325
12933,71,5490
12934,2,-11879
12935,31,-4505
12936,38,-2800
12937,28,-5399
12938,33,-4229
12939,23,-6511
12940,97,11907
12941,47,-613
12942,67,4257
12943,78,7068
12944,28,-5462
12945,48,-316
12946,85,8890
12947,28,-5321
12948,60,2597
12949,22,-6897
12950,92,10693
12951,96,11742
12952,48,-497
12953,27,-5695
12954,37,-3193
12955,0,-12304
12956,82,8209
12957,98,12044
12958,36,-3419
12959,42,-1967
12960,89,9985
12961,16,-8411
12962,55,1421
12963,60,2642
12964,65,3827
12965,50,4
12966,71,5309
12967,32,-4277
12968,57,1951
12969,60,2620
12970,65,3778
12971,71,5314
12972,83,8475
12973,2,-11905
12974,29,-5051
12975,82,8120
12976,93,10769
12977,97,11916
12978,65,3841
12979,21,-7225
12980,78,7055
12981,29,-5209
12982,27,-5607
12983,51,271
12984,12,-9491
12985,41,-2064
12986,62,3029
12987,26,-5932
12988,93,10875
12989,79,7340
12990,36,-3294
12991,41,-2232
12992,87,9273
12993,19,-7553
12994,12,-9398
12995,51,431
12996,89,9871
12997,15,-8579
12998,18,-7951
12999,89,9758
13000,64,3551
13001,7,-10583
13002,18,-7992
13003,98,12094
13004,96,11699
13005,20,-7478
13006,88,9661
13007,46,-773
13008,22,-6893
13009,2,-11803
13010,5,-11155
13011,93,10840
13012,13,-9099
13013,75,6464
13014,14,-8911
13015,35,-3545
13016,90,10057
13017,57,1886
13018,87,9492
13019,48,-370
13020,70,5147
13021,37,-3233
13022,68,4669
13023,70,5144
13024,38,-2809
13025,58,2002
13026,52,534
13027,36,-3450
13028,81,7836
13029,5,-11173
13030,21,-7228
13031,51,275
13032,56,1559
13033,3,-11722
13034,78,7198
13035,30,-4797
13036,96,11523
13037,27,-5710
13038,8,-10490
13039,64,3656
13040,88,9614
13041,48,-389
13042,52,562
13043,58,2116
13044,82,8191
13045,42,-1905
13046,79,7381
13047,24,-6392
13048,52,741
13049,80,7652
13050,4,-11359
13051,49,-97
13052,86,9143
13053,74,6016
13054,40,-2301
13055,49,-29
13056,68,4536
13057,81,7898
13058,70,5125
13059,42,-1851
13060,70,5073
13061,73,5960
13062,72,5569
13063,46,-857
13064,83,8269
13065,18,-7853
13066,51,490
13067,51,311
13068,99,12315
13069,49,-123
13070,75,6274
13071,28,-5372
13072,7,-10537
13073,23,-6722
13074,77,6921
13075,93,10824
13076,82,8070
13077,18,-7807
13078,14,-8934
13079,31,-4617
13080,16,-8446
13081,22,-6869
13082,86,9185
13083,40,-2471
13084,98,12019
13085,24,-6287
13086,82,8045
13087,28,-5461
13088,9,-10184
13089,64,3608
13090,99,12426
13091,33,-4185
13092,98,12246
13093,32,-4383
13094,53,942
13095,40,-2253
13096,78,7158
13097,27,-5575
13098,15,-8690
13099,48,-378
13100,95,11377
13101,56,1626
13102,78,7193
13103,29,-5053
13104,42,-1805
13105,34,-3883
13106,1,-12018
13107,47,-597
13108,74,6228
13109,81,7832
13110,43,-1608
13111,37,-3104
13112,32,-4392
13113,29,-5182
13114,27,-5562
13115,62,3034
13116,98,12114
13117,51,315
13118,38,-2975
13119,32,-4394
13120,10,-9964
13121,26,-5867
13122,90,10096
13123,39,-2725
13124,88,9712
13125,11,-9562
13126,80,7741
13127,42,-1778
13128,98,12225
13129,94,11026
13130,7,-10693
13131,45,-1065
13132,99,12427
13133,69,4910
13134,3,-11588
13135,50,171
13136,72,5519
13137,48,-340
13138,70,5206
13139,95,11414
13140,89,9808
13141,44,-1482
13142,35,-3632
13143,46,-934
13144,36,-3409
13145,21,-7049
13146,55,1274
13147,44,-1407
13148,53,770
13149,34,-3997
13150,49,-196
13151,79,7260
13152,1,-12131
13153,18,-7875
13154,86,9038
13155,97,11756
13156,74,6114
13157,41,-2195
13158,68,4613
13159,66,4118
13160,37,-3167
13161,73,5892
13162,61,2762
13163,42,-1770
13164,74,6155
13165,78,7098
13166,5,-11156
13167,57,1780
13168,90,10077
13169,53,940
13170,43,-1691
13171,82,8014
13172,19,-7645
13173,46,-990
13174,96,11708
13175,93,10826
13176,96,11685
13177,31,-4556
13178,36,-3271
13179,42,-1866
13180,95,11352
13181,54,1002
13182,11,-9538
13183,57,1872
13184,77,6847
13185,86,9048
13186,31,-4719
13187,47,-607
13188,21,-7235
13189,54,1204
13190,56,1588
13191,19,-7531
13192,22,-6828
13193,19,-7599
13194,82,8196
13195,42,-1794
13196,84,8504
13197,20,-7294
13198,53,774
13199,41,-2165
13200,65,3960
13201,29,-5174
13202,82,8165
13203,68,4630
13204,42,-1934
13205,59,2430
13206,42,-1806
13207,26,-5844
13208,53,844
13209,62,3146
13210,89,9752
13211,97,11856
13212,83,8343
13213,34,-3932
13214,32,-4401
13215,20,-7418
13216,42,-1780
13217,50,203
13218,27,-5601
13219,52,659
13220,69,4914
13221,93,10966
13222,40,-2392
13223,44,-1425
13224,78,7121
13225,52,585
13226,78,7152
13227,60,2524
13228,86,9163
13229,10,-9897
13230,71,5477
13231,52,691
13232,63,3287
13233,13,-9091
13234,90,10109
13235,8,-10434
13236,72,5683
13237,65,3810
13238,38,-2813
13239,47,-621
13240,92,10511
13241,25,-6120
13242,4,-11487
13243,49,-25
13244,93,10819
13245,27,-5581
13246,52,608
13247,47,-653
13248,45,-1117
13249,45,-1086
13250,84,8502
13251,40,-2436
13252,40,-2318
13253,26,-5871
13254,12,-9420
13255,35,-3716
13256,98,12007
13257,14,-8998
13258,85,8838
13259,45,-1129
13260,72,5675
13261,47,-680
13262,44,-1388
13263,47,-527
13264,6,-10965
13265,76,6558
13266,15,-8501
13267,47,-636
13268,97,11859
13269,90,10080
13270,2,-11945
13271,86,9242
13272,42,-1925
13273,46,-898
13274,41,-2023
13275,97,11954
13276,92,10739
13277,49,-61
13278,59,2362
13279,89,9864
13280,33,-4242
13281,49,-94
13282,53,930
13283,16,-8309
13284,65,3751
13285,23,-6747
13286,65,3754
13287,50,107
13288,78,7064
13289,2,-11774
13290,44,-1404
13291,37,-3217
13292,65,3997
13293,64,3590
13294,44,-1376
13295,10,-9908
13296,99,12368
13297,51,396
13298,22,-6964
13299,48,-465
13300,77,6899
13301,21,-7041
13302,57,1876
13303,29,-5193
13304,59,2413
13305,18,-7988
13306,23,-6654
13307,53,764
13308,67,4492
13309,85,8764
13310,63,3336
13311,75,6250
13312,56,1549
13313,96,11726
13314,61,2932
13315,80,7526
13316,15,-8628
13317,19,-7569
13318,81,7965
13319,87,9392
13320,61,2975
13321,4,-11440
13322,94,11149
13323,52,655
13324,96,11595
13325,27,-5537
13326,33,-4026
13327,44,-1493
13328,29,-5123
13329,49,-139
13330,61,2889
13331,41,-2041
13332,17,-8091
13333,43,-1716
13334,82,8088
13335,42,-1992
13336,94,11221
13337,1,-12082
13338,14,-8962
13339,18,-7945
13340,91,10496
13341,82,8094
13342,18,-7977
13343,86,9220
13344,8,-10423
13345,65,3846
13346,82,8232
13347,79,7356
13348,90,10163
13349,28,-5495
13350,66,4213
13351,20,-7297
13352,57,1880
13353,53,821
13354,61,2836
13355,80,7520
13356,37,-3138
13357,57,1810
13358,69,4873
13359,52,717
13360,96,11589
13361,44,-1443
13362,47,-703
13363,65,3798
13364,81,7807
13365,9,-10177
13366,96,11660
13367,53,839
13368,75,6289
13369,48,-411
13370,32,-4276
13371,10,-9912
13372,94,11010
13373,0,-12495
13374,85,8885
13375,65,3806
13376,70,5209
13377,5,-11126
13378,35,-3631
13379,37,-3035
13380,68,4643
13381,28,-5427
13382,8,-10287
13383,90,10068
13384,60,2701
13385,52,616
13386,48,-397
13387,37,-3175
13388,95,11339
13389,7,-10530
13390,22,-6820
13391,37,-3172
13392,67,4281
13393,19,-7606
13394,34,-3912
13395,96,11540
13396,54,1113
13397,4,-11279
13398,1,-12183
13399,65,3820
13400,62,3239
13401,73,5926
13402,15,-8619
13403,73,5978
13404,64,3535
13405,2,-11853
13406,88,9640
13407,82,8030
13408,93,10809
13409,57,1778
13410,26,-5958
13411,4,-11264
13412,40,-2381
13413,51,397
13414,2,-11951
13415,47,-543
13416,91,10343
13417,24,-6280
13418,31,-4549
13419,19,-7644
13420,94,11083
13421,51,452
13422,83,8265
13423,77,6912
13424,42,-1987
13425,69,4970
13426,58,2189
13427,7,-10674
13428,93,10789
13429,37,-3244
13430,36,-3474
13431,38,-2989
13432,69,4778
13433,13,-9058
13434,51,343
13435,5,-11125
13436,48,-314
13437,89,9986
13438,64,3681
13439,82,8050
13440,79,7495
13441,53,791
13442,66,4037
13443,35,-3616
13444,49,-55
13445,34,-3793
13446,41,-2235
13447,9,-10125
13448,43,-1698
13449,34,-3827
13450,88,9744
13451,35,-3681
13452,95,11481
13453,55,1498
13454,55,1417
13455,26,-5997
13456,23,-6675
13457,46,-971
13458,44,-1355
13459,10,-9875
13460,70,5075
13461,42,-1959
13462,48,-460
13463,11,-9579
13464,57,1863
13465,63,3330
13466,89,9841
13467,33,-4125
13468,60,2659
13469,53,853
13470,67,4425
13471,82,8222
13472,70,5049
13473,36,-3480
13474,31,-4635
13475,47,-556
13476,17,-8135
13477,48,-428
13478,60,2561
13479,52,738
13480,55,1359
13481,15,-8646
13482,47,-533
13483,53,922
13484,58,2139
13485,48,-417
13486,84,8721
13487,62,3208
13488,80,7543
13489,36,-3281
13490,15,-8618
13491,28,-5451
13492,57,1967
13493,31,-4707
13494,27,-5598
13495,43,-1711
13496,98,12047
13497,32,-4259
13498,80,7561
13499,79,7494
13500,70,5048
13501,8,-10467
13502,98,12149
13503,12,-9483
13504,44,-1363
13505,44,-1455
13506,47,-747
13507,37,-3181
13508,84,8599
13509,12,-9454
13510,34,-3966
13511,9,-10054
13512,79,7417
13513,45,-1132
13514,30,-4950
13515,2,-11907
13516,92,10543
13517,36,-3375
13518,69,4864
13519,52,634
13520,87,9280
13521,87,9498
13522,77,6941
13523,37,-3069
13524,2,-11870
13525,17,-8129
13526,0,-12267
13527,39,-2615
13528,21,-7002
13529,31,-4673
13530,6,-10921
13531,13,-9070
13532,63,3291
13533,93,10782
13534,60,2593
13535,12,-9282
13536,37,-3135
13537,75,6342
13538,93,10865
13539,97,11762
13540,91,10268
13541,49,-173
13542,56,1580
13543,33,-4176
13544,27,-5618
13545,38,-2857
13546,43,-1554
13547,43,-1630
13548,95,11443
13549,55,1464
13550,39,-2512
13551,42,-1991
13552,62,3065
13553,24,-6455
13554,19,-7666
13555,29,-5005
13556,41,-2130
13557,76,6528
13558,77,6872
13559,43,-1572
13560,44,-1295
13561,30,-4905
13562,99,12488
13563,27,-5573
13564,56,1660
13565,45,-1001
13566,49,-36
13567,53,843
13568,88,9551
13569,46,-942
13570,49,-37
13571,21,-7088
13572,73,5910
13573,24,-6267
13574,60,2629
13575,55,1350
13576,78,7201
13577,3,-11705
13578,88,9549
13579,3,-11544
13580,23,-6713
13581,81,7972
13582,44,-1470
13583,46,-981
13584,20,-7425
13585,41,-2199
13586,52,537
13587,20,-7369
13588,45,-1100
13589,28,-5474
13590,1,-12009
13591,34,-3885
13592,6,-10832
13593,81,7800
13594,36,-3337
13595,24,-6477
13596,55,1403
13597,51,491
13598,94,11197
13599,69,4764
13600,89,9919
13601,8,-10477
13602,27,-5608
13603,52,617
13604,40,-2374
13605,39,-2663
13606,34,-3866
13607,76,6698
13608,20,-7337
13609,26,-5868
13610,82,8122
13611,52,575
13612,5,-11078
13613,13,-9204
13614,77,6801
13615,9,-10101
13616,52,635
13617,22,-6926
13618,88,9641
13619,57,1898
13620,62,3102
13621,52,500
13622,26,-5834
13623,14,-8920
13624,95,11433
13625,49,-171
13626,7,-10682
13627,64,3734
13628,85,8761
13629,29,-5159
13630,96,11692
13631,52,587
13632,66,4223
13633,26,-5796
13634,52,508
13635,52,623
13636,49,-107
13637,17,-8083
13638,54,1088
13639,52,731
13640,80,7594
13641,90,10076
13642,13,-9234
13643,79,7262
13644,94,11067
13645,1,-12104
13646,90,10210
13647,54,1027
13648,8,-10368
13649,26,-5890
13650,46,-966
13651,39,-2661
13652,26,-5916
13653,45,-1064
13654,96,11502
13655,7,-10602
13656,68,4544
13657,4,-11397
13658,91,10466
13659,36,-3265
13660,71,5359
13661,26,-5779
13662,26,-5849
13663,77,6764
13664,97,11871
13665,4,-11361
13666,8,-10476
13667,49,-205
13668,81,7846
13669,54,1006
13670,22,-6845
13671,34,-3817
13672,67,4279
13673,3,-11635
13674,6,-10960
13675,43,-1627
13676,60,2691
13677,15,-8529
13678,67,4421
13679,87,9490
13680,91,10335
13681,51,455
13682,24,-6344
13683,48,-361
13684,33,-4128
13685,66,4068
13686,3,-11697
13687,33,-4113
13688,89,9903
13689,86,9104
13690,88,9673
13691,41,-2085
13692,48,-323
13693,54,1133
13694,82,8141
13695,51,395
13696,85,8975
13697,9,-10059
13698,19,-7628
13699,46,-967
13700,74,6188
13701,96,11558
13702,45,-1143
13703,60,2640
13704,52,553
13705,28,-5289
13706,14,-8885
13707,50,57
13708,89,9879
13709,46,-945
13710,90,10098
13711,4,-11391
13712,92,10527
13713,75,6400
13714,31,-4725
13715,18,-7843
13716,9,-10060
13717,31,-4570
13718,16,-8393
13719,26,-5983
13720,29,-5044
13721,13,-9078
13722,45,-1148
13723,75,6320
13724,93,10981
13725,48,-452
13726,39,-2731
13727,60,2544
13728,99,12441
13729,50,153
13730,29,-5225
13731,31,-4567
13732,41,-2167
13733,23,-6608
13734,38,-2752
13735,25,-6011
13736,75,6399
13737,3,-11543
13738,39,-2528
13739,24,-6274
13740,70,5171
13741,14,-8798
13742,86,9190
13743,49,-73
13744,67,4309
13745,19,-7507
13746,5,-11214
13747,66,4076
13748,55,1314
13749,5,-11217
13750,44,-1259
13751,61,2902
13752,70,5176
13753,49,-13
13754,19,-7595
13755,58,2126
13756,73,5811
13757,55,1358
13758,56,1585
13759,95,11320
13760,67,4263
13761,41,-2179
13762,65,3950
13763,0,-12296
13764,56,1529
13765,34,-3830
13766,30,-4984
13767,57,1970
13768,95,11420
13769,3,-11648
13770,17,-8181
13771,52,511
13772,85,8907
13773,7,-10515
13774,14,-8882
13775,81,7918
13776,4,-11410
13777,51,283
13778,44,-1472
13779,46,-861
13780,26,-5843
13781,47,-640
13782,33,-4187
13783,46,-831
13784,50,111
13785,19,-7715
13786,59,2456
13787,50,150
13788,64,3502
13789,14,-8953
13790,93,10994
13791,30,-4927
13792,68,4685
13793,31,-4727
13794,49,-195
13795,61,2828
13796,70,5235
13797,53,759
13798,56,1596
13799,47,-523
13800,14,-8800
13801,4,-11393
13802,46,-984
13803,30,-4759
13804,82,8005
13805,43,-1589
13806,95,11357
13807,99,12260
13808,86,9236
13809,15,-8541
13810,17,-8197
13811,25,-6075
13812,7,-10715
13813,48,-476
13814,12,-9252
13815,88,9676
13816,84,8706
13817,49,-189
13818,35,-3593
13819,50,76
13820,62,3207
13821,63,3402
13822,47,-501
13823,50,135
13824,90,10100
13825,78,7122
13826,98,12141
13827,12,-9439
13828,3,-11503
13829,13,-9019
13830,25,-6018
13831,17,-8120
13832,49,-182
13833,42,-1795
13834,39,-2696
13835,52,695
13836,63,3427
13837,52,709
13838,11,-9516
13839,4,-11307
13840,42,-1755
13841,34,-3896
13842,16,-8329
13843,53,927
13844,2,-11851
13845,40,-2465
13846,35,-3625
13847,40,-2378
13848,97,11919
13849,52,653
13850,93,10964
13851,55,1297
13852,96,11544
13853,15,-8652
13854,63,3398
13855,89,9820
13856,60,2639
13857,23,-6715
13858,84,8597
13859,42,-1788
13860,54,1153
13861,38,-2877
13862,51,387
13863,25,-6165
13864,45,-1247
13865,41,-2011
13866,64,3522
13867,98,12200
13868,79,7257
13869,79,7448
13870,52,629
13871,30,-4753
13872,38,-2917
13873,0,-12355
13874,9,-10003
13875,46,-757
13876,96,11619
13877,52,515
13878,36,-3421
13879,46,-797
13880,33,-4032
13881,98,12074
13882,1,-12218
13883,2,-11979
13884,45,-1133
13885,53,913
13886,25,-6151
13887,49,-165
13888,76,6599
13889,51,379
13890,23,-6740
13891,41,-2112
13892,91,10451
13893,12,-9476
13894,45,-1197
13895,47,-625
13896,59,2342
13897,17,-8069
13898,10,-9833
13899,52,719
13900,71,5455
13901,24,-6378
13902,28,-5295
13903,46,-883
13904,60,2583
13905,1,-12240
13906,17,-8046
13907,53,950
13908,59,2469
13909,18,-7808
13910,7,-10686
13911,42,-1895
13912,82,8047
13913,55,1496
13914,99,12366
13915,45,-1172
13916,64,3515
13917,26,-5865
13918,94,11005
13919,41,-2145
13920,76,6671
13921,14,-8775
13922,97,11852
13923,23,-6565
13924,56,1685
13925,33,-4011
13926,17,-8178
13927,23,-6692
13928,90,10125
13929,49,-131
13930,64,3689
13931,36,-3377
13932,97,11903
13933,66,4122
13934,51,258
13935,43,-1653
13936,81,7924
13937,53,760
13938,1,-12248
13939,62,3166
13940,97,11985
13941,47,-551
13942,24,-6255
13943,11,-9531
13944,11,-9692
13945,8,-10257
13946,79,7388
13947,39,-2729
13948,50,9
13949,50,39
13950,26,-5927
13951,51,365
13952,94,11249
13953,53,753
13954,21,-7229
13955,34,-3916
13956,16,-8300
13957,48,-273
13958,86,9193
13959,53,901
13960,90,10207
13961,25,-6046
13962,0,-12275
13963,40,-2437
13964,84,8675
13965,2,-11969
13966,28,-5291
13967,60,2692
13968,6,-10842
13969,35,-3584
13970,49,-134
13971,92,10642
13972,94,11137
13973,41,-2097
13974,84,8550
13975,1,-12051
13976,73,5805
13977,14,-8825
13978,7,-10662
13979,49,-66
13980,78,7065
13981,53,811
13982,5,-11100
13983,32,-4452
13984,33,-4126
13985,79,7400
13986,18,-7908
13987,70,5082
13988,64,3571
13989,60,2714
13990,69,4902
13991,83,8308
13992,83,8341
13993,97,11952
13994,96,11749
13995,47,-505
13996,82,8163
13997,18,-7907
13998,26,-5813
13999,71,5280
14000,56,1609
14001,95,11412
14002,35,-3707
14003,95,11426
14004,93,10867
14005,53,867
14006,25,-6087
14007,72,5748
14008,11,-9552
14009,41,-2043
14010,10,-9831
14011,50,102
14012,34,-3751
14013,23,-6646
14014,75,6450
14015,46,-791
14016,56,1537
14017,34,-3857
14018,4,-11403
14019,58,2238
14020,89,9895
14021,79,7302
14022,37,-3084
14023,99,12308
14024,12,-9309
14025,93,10946
14026,16,-8408
14027,57,1852
14028,87,9459
14029,28,-5476
14030,71,5306
14031,51,375
14032,16,-8400
14033,29,-5168
14034,99,12402
14035,15,-8557
14036,31,-4501
14037,40,-2358
14038,61,2930
14039,11,-9620
14040,96,11543
14041,61,2894
14042,79,7404
14043,94,11092
14044,67,4379
14045,35,-3635
14046,88,9682
14047,44,-1461
14048,83,8255
14049,45,-1152
14050,42,-1922
14051,72,5502
14052,51,317
14053,55,1378
14054,23,-6514
14055,61,2770
14056,37,-3042
14057,96,11640
14058,82,8140
14059,92,10718
14060,86,9179
14061,76,6736
14062,92,10705
14063,91,10382
14064,93,10957
14065,29,-5239
14066,83,8389
14067,86,9058
14068,91,10423
14069,37,-3155
14070,23,-6738
14071,17,-8127
14072,81,7905
14073,11,-9636
14074,9,-10201
14075,45,-1167
14076,97,11831
14077,28,-5315
14078,49,-156
14079,54,1203
14080,63,3343
14081,47,-553
14082,23,-6728
14083,17,-8076
14084,50,119
14085,88,9540
14086,60,2521
14087,47,-730
14088,21,-7035
14089,46,-944
14090,65,3797
14091,94,11232
14092,69,4898
14093,25,-6247
14094,28,-5286
14095,48,-298
14096,78,7039
14097,99,12326
14098,24,-6266
14099,32,-4477
14100,86,9125
14101,44,-1411
14102,43,-1703
14103,48,-356
14104,59,2327
14105,28,-5496
14106,72,5546
14107,78,7176
14108,20,-7386
14109,3,-11721
14110,68,4501
14111,53,899
14112,66,4015
14113,34,-3867
14114,34,-3955
14115,42,-1893
14116,31,-4569
14117,85,8882
14118,43,-1654
14119,87,9470
14120,68,4565
14121,70,5124
14122,24,-6269
14123,53,985
14124,76,6675
14125,34,-3825
14126,23,-6703
14127,33,-4182
14128,79,7393
14129,91,10490
14130,38,-2847
14131,23,-6711
14132,78,7026
14133,75,6352
14134,72,5710
14135,42,-1765
14136,88,9567
14137,77,6846
14138,83,8277
14139,13,-9046
14140,58,2203
14141,38,-2978
14142,70,5058
14143,64,3606
14144,91,10476
14145,75,6422
14146,88,9613
14147,71,5424
14148,28,-5334
14149,98,12196
14150,25,-6137
14151,40,-2357
14152,42,-1857
14153,30,-4891
14154,13,-9213
14155,66,4194
14156,95,11438
14157,50,27
14158,87,9413
14159,70,5218
14160,90,10001
14161,42,-1875
14162,80,7748
14163,50,247
14164,77,6999
14165,37,-3012
14166,74,6054
14167,43,-1551
14168,46,-889
14169,26,-5967
14170,91,10313
14171,97,11810
14172,80,7745
14173,79,7324
14174,28,-5433
14175,48,-409
14176,42,-1996
14177,10,-9814
14178,6,-10898
14179,98,12160
14180,91,10259
14181,98,12072
14182,29,-5009
14183,56,1505
14184,7,-10671
14185,42,-1968
14186,79,7425
14187,39,-2579
14188,16,-8280
14189,77,6950
14190,9,-10170
14191,53,955
14192,74,6183
14193,44,-1324
14194,75,6433
14195,39,-2680
14196,79,7343
14197,53,818
14198,81,7897
14199,35,-3617
14200,76,6666
14201,39,-2745
14202,48,-415
14203,67,4340
14204,94,11163
14205,48,-499
14206,91,10280
14207,19,-7552
14208,24,-6307
14209,19,-7686
14210,74,6153
14211,33,-4073
14212,84,8535
14213,7,-10708
14214,52,718
14215,37,-3103
14216,1,-12205
14217,11,-9526
14218,69,4857
14219,44,-1477
14220,83,8379
14221,38,-2796
14222,14,-8918
14223,61,2852
14224,83,8381
14225,83,8374
14226,16,-8298
14227,76,6502
14228,90,10227
14229,90,10056
14230,65,3753
14231,38,-2765
14232,53,779
14233,34,-3940
14234,55,1414
14235,33,-4133
14236,91,10299
14237,51,474
14238,17,-8215
14239,2,-11902
14240,96,11637
14241,53,752
14242,6,-10795
14243,16,-8428
14244,93,10806
14245,3,-11515
14246,41,-2082
14247,24,-6351
14248,11,-9706
14249,9,-10087
14250,40,-2288
14251,82,8086
14252,97,11763
14253,9,-10113
14254,55,1478
14255,50,43
14256,18,-7926
14257,37,-3019
14258,70,5061
14259,83,8490
14260,95,11309
14261,49,-143
14262,46,-924
14263,57,1834
14264,0,-12412
14265,50,19
14266,27,-5662
14267,60,2702
14268,94,11035
14269,46,-994
14270,45,-1066
14271,51,427
14272,73,5818
14273,61,2944
14274,41,-2234
14275,20,-7465
14276,80,7635
14277,4,-11459
14278,36,-3411
14279,82,8220
14280,47,-605
14281,50,229
14282,75,6365
14283,41,-2009
14284,69,4779
14285,48,-418
14286,71,5442
14287,56,1691
14288,93,10823
14289,17,-8007
14290,95,11430
14291,48,-308
14292,14,-8902
14293,47,-657
14294,59,2388
14295,53,997
14296,52,706
14297,13,-9203
14298,69,4985
14299,49,-240
14300,27,-5597
14301,7,-10555
14302,47,-618
14303,48,-480
14304,36,-3442
14305,22,-6992
14306,16,-8342
14307,44,-1496
14308,88,9671
14309,1,-12136
14310,93,10785
14311,40,-2297
14312,80,7714
14313,48,-305
14314,35,-3725
14315,90,10240
14316,95,11461
14317,57,1942
14318,69,4830
14319,12,-9312
14320,72,5654
14321,18,-7898
14322,50,38
14323,32,-4285
14324,15,-8556
14325,56,1696
14326,21,-7187
14327,81,7754
14328,87,9457
14329,98,12248
14330,64,3505
14331,9,-10036
14332,84,8663
14333,85,8824
14334,76,6708
14335,38,-2826
14336,12,-9343
14337,44,-1414
14338,22,-6937
14339,38,-2884
14340,1,-12175
14341,19,-7665
14342,17,-8121
14343,89,9924
14344,76,6629
14345,19,-7659
14346,86,9145
14347,38,-2861
14348,75,6390
14349,27,-5668
14350,5,-11095
14351,51,327
14352,27,-5611
14353,51,295
14354,63,3278
14355,20,-7415
14356,60,2656
14357,32,-4308
14358,57,1753
14359,53,935
14360,93,10810
14361,56,1653
14362,46,-779
14363,14,-8925
14364,38,-2891
14365,86,9128
14366,25,-6029
14367,38,-2951
14368,98,12239
14369,31,-4623
14370,65,3789
14371,55,1255
14372,92,10663
14373,46,-999
14374,93,10801
14375,49,-79
14376,41,-2059
14377,85,8828
14378,48,-435
14379,40,-2306
14380,86,9134
14381,99,12362
14382,1,-12153
14383,47,-693
14384,81,7765
14385,5,-11088
14386,76,6593
14387,49,-149
14388,57,1845
14389,39,-2625
14390,6,-10973
14391,43,-1541
14392,74,6031
14393,40,-2347
14394,35,-3600
14395,74,6134
14396,87,9349
14397,61,2778
14398,51,440
14399,50,139
14400,69,4807
14401,60,2638
14402,71,5272
14403,27,-5591
14404,66,4004
14405,15,-8603
14406,90,10133
14407,45,-1185
14408,11,-9744
14409,70,5040
14410,17,-8064
14411,51,337
14412,65,3819
14413,71,5488
14414,9,-10250
14415,90,10196
14416,56,1725
14417,6,-10782
14418,10,-9755
14419,37,-3151
14420,85,8801
14421,59,2284
14422,72,5649
14423,71,5450
14424,38,-2942
14425,11,-9613
14426,23,-6567
14427,18,-7757
14428,61,2822
14429,38,-2961
14430,10,-9794
14431,44,-1258
14432,14,-8927
14433,47,-608
14434,89,9912
14435,6,-10825
14436,45,-1072
14437,37,-3020
14438,69,4901
14439,96,11524
14440,61,2957
14441,60,2584
14442,80,7708
14443,6,-10880
14444,96,11623
14445,64,3546
14446,80,7725
14447,99,12448
14448,76,6583
14449,19,-7691
14450,28,-5350
14451,21,-7234
14452,82,8151
14453,10,-9782
14454,22,-6823
14455,52,571
14456,90,10191
14457,60,2610
14458,22,-6916
14459,45,-1211
14460,10,-9947
14461,7,-10631
14462,26,-5988
14463,43,-1719
14464,32,-4318
14465,91,10366
14466,6,-10888
14467,41,-2096
14468,92,10599
14469,55,1467
14470,87,9256
14471,57,1763
14472,86,9169
14473,68,4662
14474,31,-4690
14475,53,987
14476,82,8143
14477,13,-9163
14478,54,1024
14479,13,-9063
14480,63,3423
14481,14,-8992
14482,36,-3321
14483,26,-5848
14484,79,7297
14485,34,-3985
14486,97,11901
14487,45,-1181
14488,97,11978
14489,89,9968
14490,2,-11976
14491,45,-1176
14492,44,-1352
14493,37,-3118
14494,53,924
14495,44,-1447
14496,26,-5888
14497,28,-5475
14498,62,3080
14499,28,-5253
14500,64,3633
14501,4,-11345
14502,4,-11475
14503,22,-6796
14504,14,-8753
14505,20,-7293
14506,69,4993
14507,87,9374
14508,62,3002
14509,31,-4655
14510,83,8322
14511,72,5582
14512,11,-9546
14513,19,-7590
14514,90,10244
14515,41,-2203
14516,87,9423
14517,78,7186
14518,37,-3131
14519,8,-10359
14520,63,3428
14521,15,-8704
14522,78,7009
14523,61,2804
14524,67,4339
14525,5,-11114
14526,22,-6932
14527,57,1899
14528,37,-3050
14529,96,11582
14530,55,1405
14531,57,1794
14532,87,9305
14533,68,4732
14534,82,8194
14535,84,8506
14536,70,5065
14537,64,3620
14538,57,1821
14539,88,9570
14540,97,11819
14541,39,-2525
14542,53,952
14543,38,-2858
14544,65,3932
14545,27,-5595
14546,23,-6613
14547,36,-3414
14548,57,1873
14549,1,-12192
14550,90,10041
14551,57,1887
14552,70,5023
14553,43,-1576
14554,82,8216
14555,15,-8722
14556,2,-11925
14557,4,-11472
14558,50,15
14559,14,-8876
14560,48,-267
14561,37,-3031
14562,43,-1727
14563,44,-1409
14564,78,7023
14565,24,-6394
14566,56,1664
14567,43,-1693
14568,60,2602
14569,7,-10690
14570,27,-5619
14571,49,-65
14572,92,10619
14573,50,30
14574,83,8405
14575,80,7552
14576,89,9969
14577,0,-12361
14578,47,-741
14579,85,8780
14580,68,4547
14581,77,6876
14582,86,9126
14583,1,-12060
14584,11,-9611
14585,56,1635
14586,96,11621
14587,0,-12271
14588,3,-11616
14589,61,2954
14590,40,-2300
14591,38,-2840
14592,85,8870
14593,3,-11511
14594,73,5862
14595,85,8752
14596,62,3082
14597,37,-3145
14598,6,-10896
14599,37,-3045
14600,78,7047
14601,30,-4928
14602,71,5330
14603,39,-2721
14604,9,-10124
14605,38,-2753
14606,30,-4878
14607,64,3730
14608,96,11573
14609,99,12294
14610,13,-9223
14611,19,-7508
14612,3,-11649
14613,54,1199
14614,27,-5526
14615,1,-12193
14616,78,7231
14617,11,-9736
14618,29,-5230
14619,48,-425
14620,56,1506
14621,36,-3404
14622,2,-11898
14623,43,-1525
14624,64,3661
14625,90,10016
14626,92,10541
14627,85,8778
14628,48,-265
14629,14,-8759
14630,68,4602
14631,42,-1972
14632,84,8636
14633,13,-9053
14634,6,-10902
14635,51,299
14636,82,8211
14637,17,-8137
14638,16,-8375
14639,84,8626
14640,85,8997
14641,76,6664
14642,39,-2501
14643,94,11188
14644,23,-6542
14645,31,-4532
14646,11,-9653
14647,47,-550
14648,14,-8826
14649,58,2206
14650,71,5269
14651,41,-2030
14652,73,5985
14653,29,-5016
14654,57,1856
14655,52,539
14656,74,6000
14657,23,-6658
14658,33,-4041
14659,9,-10112
14660,66,4130
14661,83,8340
14662,14,-8957
14663,35,-3585
14664,49,-56
14665,99,12486
14666,11,-9647
14667,68,4534
14668,72,5507
14669,55,1287
14670,94,11025
14671,48,-357
14672,80,7703
14673,42,-1985
14674,25,-6101
14675,47,-705
14676,95,11347
14677,59,2420
14678,33,-4054
14679,82,8066
14680,48,-339
14681,39,-2571
14682,19,-7506
14683,51,407
14684,99,12372
14685,40,-2489
14686,48,-307
14687,46,-853
14688,88,9719
14689,73,5820
14690,71,5294
14691,56,1593
14692,99,12291
14693,46,-858
14694,25,-6014
14695,72,5618
14696,60,2551
14697,55,1333
14698,99,12385
14699,88,9642
14700,62,3107
14701,30,-4831
14702,73,5961
14703,36,-3340
14704,89,9805
14705,89,9998
14706,38,-2868
14707,50,80
14708,73,5789
14709,10,-9871
14710,43,-1628
14711,79,7386
14712,94,11237
14713,5,-11149
14714,15,-8687
14715,30,-4875
14716,27,-5637
14717,16,-8491
14718,13,-9080
14719,77,6760
14720,3,-11650
14721,20,-7495
14722,28,-5345
14723,84,8692
14724,58,2057
14725,38,-2795
14726,72,5657
14727,45,-1157
14728,82,8207
14729,80,7578
14730,89,9978
14731,40,-2266
14732,97,11864
14733,3,-11729
14734,6,-10968
14735,38,-2879
14736,78,7248
14737,10,-9898
14738,42,-1839
14739,83,8402
14740,87,9347
14741,7,-10680
14742,55,1273
14743,36,-3267
14744,12,-9350
14745,54,1237
14746,76,6568
14747,2,-11755
14748,34,-3777
14749,95,11364
14750,33,-4197
14751,50,179
14752,47,-739
14753,45,-1005
14754,21,-7018
14755,21,-7221
14756,5,-11203
14757,38,-2807
14758,56,1527
14759,51,291
14760,86,9092
14761,35,-3711
14762,85,8753
14763,67,4382
14764,85,8971
14765,34,-3914
14766,65,3849
14767,56,1579
14768,10,-9808
14769,25,-6159
14770,5,-11007
14771,78,7214
14772,83,8473
14773,27,-5554
14774,18,-7956
14775,57,1959
14776,96,11597
14777,40,-2488
14778,82,8008
14779,19,-7561
14780,72,5627
14781,39,-2726
14782,37,-3166
14783,39,-2576
14784,55,1335
14785,29,-5119
14786,5,-11170
14787,51,433
14788,87,9271
14789,31,-4527
14790,47,-604
14791,5,-11248
14792,91,10393
14793,88,9724
14794,76,6740
14795,55,1485
14796,95,11421
14797,22,-6862
14798,76,6538
14799,64,3536
14800,64,3599
14801,34,-3905
14802,32,-4371
14803,32,-4497
14804,93,10993
14805,17,-8072
14806,41,-2090
14807,53,879
14808,54,1144
14809,33,-4199
14810,44,-1439
14811,38,-2909
14812,80,7593
14813,34,-3755
14814,37,-3005
14815,58,2223
14816,73,5829
14817,33,-4009
14818,80,7541
14819,30,-4853
14820,83,8481
14821,1,-12229
14822,92,10678
14823,51,349
14824,93,10838
14825,52,733
14826,87,9380
14827,39,-2701
14828,25,-6020
14829,56,1703
14830,45,-1031
14831,88,9550
14832,67,4392
14833,51,393
14834,91,10370
14835,58,2091
14836,64,3511
14837,64,3740
14838,6,-10805
14839,58,2011
14840,53,831
14841,92,10534
14842,39,-2554
14843,54,1123
14844,89,9761
14845,33,-4154
14846,85,8973
14847,97,11898
14848,0,-12336
14849,42,-1974
14850,57,1907
14851,15,-8519
14852,47,-632
14853,53,769
14854,82,8193
14855,40,-2321
14856,31,-4520
14857,12,-9251
14858,76,6561
14859,13,-9017
14860,30,-4988
14861,17,-8130
14862,49,-157
14863,53,921
14864,67,4319
14865,39,-2742
14866,33,-4100
14867,41,-2071
14868,16,-8337
14869,20,-7439
14870,79,7310
14871,95,11466
14872,93,10775
14873,23,-6570
14874,46,-796
14875,37,-3079
14876,95,11459
14877,34,-3764
14878,71,5264
14879,55,1481
14880,69,4996
14881,33,-4027
14882,51,421
14883,45,-1210
14884,84,8542
14885,3,-11563
14886,10,-9773
14887,8,-10448
14888,70,5161
14889,29,-5158
14890,38,-2894
14891,54,1184
14892,83,8392
14893,46,-876
14894,48,-483
14895,31,-4601
14896,58,2066
14897,63,3462
14898,70,5033
14899,27,-5732
14900,93,10771
14901,34,-3941
14902,90,10221
14903,49,-30
14904,49,-96
14905,42,-1812
14906,87,9257
14907,55,1291
14908,69,4958
14909,34,-3831
14910,89,9797
14911,69,4772
14912,69,4911
14913,40,-2362
14914,52,708
14915,35,-3510
14916,65,3917
14917,44,-1290
14918,7,-10600
14919,90,10010
14920,95,11389
14921,28,-5430
14922,73,5840
14923,63,3400
14924,77,6763
14925,28,-5403
14926,33,-4146
14927,55,1267
14928,89,9817
14929,68,4524
14930,90,10114
14931,39,-2633
14932,97,11962
14933,46,-939
14934,45,-1179
14935,43,-1673
14936,92,10630
14937,55,1479
14938,68,4633
14939,34,-3965
14940,84,8726
14941,90,10014
14942,99,12342
14943,45,-1171
14944,4,-11283
14945,68,4614
14946,4,-11259
14947,11,-9662
14948,80,7695
14949,6,-10778
14950,65,3893
14951,46,-829
14952,41,-2042
14953,30,-4948
14954,99,12453
14955,58,2029
14956,3,-11737
14957,52,581
14958,0,-12447
14959,46,-875
14960,60,2513
14961,54,1213
14962,56,1704
14963,91,10378
14964,40,-2372
14965,47,-555
14966,47,-713
14967,54,1013
14968,6,-10980
14969,43,-1520
14970,16,-8296
14971,7,-10700
14972,85,8967
14973,51,425
14974,83,8394
14975,48,-375
14976,10,-9799
14977,5,-11037
14978,46,-914
14979,65,3816
14980,44,-1380
14981,8,-10316
14982,68,4646
14983,58,2158
14984,5,-11150
14985,54,1061
14986,9,-10132
14987,26,-5801
14988,94,11057
14989,54,1021
14990,62,3036
14991,91,10252
14992,71,5439
14993,26,-5963
14994,74,6193
14995,54,1205
14996,22,-6777
14997,57,1824
14998,35,-3669
14999,34,-3995
15000,55,1433
15001,70,5018
15002,25,-6177
15003,56,1584
15004,94,11227
15005,21,-7204
15006,97,11889
15007,20,-7350
15008,70,5112
15009,45,-1139
15010,86,9077
15011,38,-2759
15012,62,3249
15013,8,-10319
15014,5,-11183
15015,58,2197
15016,91,10487
15017,52,535
15018,22,-6993
15019,30,-4909
15020,99,12403
15021,4,-11302
15022,21,-7162
15023,42,-1944
15024,41,-2046
15025,91,10318
15026,16,-8351
15027,76,6626
15028,96,11631
15029,69,4878
15030,21,-7054
15031,59,2395
15032,34,-3954
15033,58,2110
15034,6,-10950
15035,42,-1844
15036,21,-7145
15037,12,-9256
15038,30,-4917
15039,32,-4405
15040,99,12493
15041,55,1280
15042,83,8357
15043,72,5742
15044,54,1136
15045,90,10200
15046,36,-3408
15047,95,11488
15048,28,-5463
15049,26,-5769
15050,75,6457
15051,46,-987
15052,89,9771
15053,89,9992
15054,95,11401
15055,24,-6432
15056,86,9000
15057,44,-1475
15058,78,7206
15059,38,-2767
15060,62,3196
15061,68,4738
15062,87,9261
15063,69,4832
15064,85,8994
15065,51,333
15066,66,4021
15067,52,671
15068,87,9301
15069,98,12224
15070,41,-2172
15071,81,7838
15072,34,-3806
15073,17,-8022
15074,4,-11253
15075,26,-5768
15076,3,-11531
15077,31,-4698
15078,75,6358
15079,57,1969
15080,97,11791
15081,98,12004
15082,58,2248
15083,13,-9237
15084,79,7288
15085,49,-74
15086,3,-11560
15087,91,10486
15088,24,-6343
15089,26,-5911
15090,23,-6637
15091,44,-1430
15092,96,11549
15093,13,-9161
15094,56,1745
15095,57,1765
15096,62,3181
15097,95,11270
15098,56,1629
15099,14,-8897
15100,58,2194
15101,43,-1744
15102,11,-9709
15103,47,-513
15104,94,11167
15105,2,-11839
15106,1,-12105
15107,56,1552
15108,82,8173
15109,6,-10966
15110,88,9534
15111,77,6798
15112,85,8948
15113,30,-4779
15114,84,8613
15115,76,6504
15116,86,9035
15117,25,-6242
15118,79,7285
15119,32,-4389
15120,80,7670
15121,49,-115
15122,43,-1639
15123,32,-4425
15124,96,11593
15125,56,1602
15126,55,1372
15127,52,722
15128,69,4900
15129,24,-6256
15130,4,-11385
15131,78,7060
15132,97,11867
15133,2,-11788
15134,51,484
15135,58,2121
15136,61,2946
15137,50,144
15138,49,-239
15139,11,-9580
15140,95,11257
15141,50,199
15142,40,-2419
15143,56,1553
15144,34,-3787
15145,5,-11148
15146,33,-4109
15147,15,-8584
15148,95,11463
15149,96,11598
15150,64,3705
15151,8,-10263
15152,83,8276
15153,48,-266
15154,97,11849
15155,63,3378
15156,73,5987
15157,76,6712
15158,91,10294
15159,41,-2132
15160,5,-11081
15161,24,-6333
15162,42,-1801
15163,66,4108
15164,97,11840
15165,82,8022
15166,62,3229
15167,98,12204
15168,89,9767
15169,81,7814
15170,8,-10494
15171,44,-1294
15172,4,-11439
15173,7,-10611
15174,74,6204
15175,88,9726
15176,94,11009
15177,54,1043
15178,5,-11080
15179,56,1547
15180,81,7815
15181,51,321
15182,99,12425
15183,47,-685
15184,87,9351
15185,37,-3119
15186,32,-4305
15187,22,-6969
15188,67,4407
15189,19,-7648
15190,64,3562
15191,56,1749
15192,6,-10817
15193,85,8830
15194,54,1242
15195,76,6742
15196,47,-546
15197,66,4142
15198,12,-9374
15199,11,-9631
15200,81,7937
15201,91,10324
15202,13,-9198
15203,81,7810
15204,84,8611
15205,39,-2511
15206,50,238
15207,48,-341
15208,27,-5631
15209,59,2283
15210,13,-9236
15211,94,11090
15212,62,3131
15213,52,739
15214,33,-4241
15215,47,-564
15216,58,2046
15217,30,-4888
15218,69,4881
15219,27,-5636
15220,73,5799
15221,23,-6569
15222,45,-1238
15223,50,195
15224,34,-3991
15225,8,-10375
15226,8,-10361
15227,26,-5974
15228,38,-2870
15229,32,-4315
15230,78,7114
15231,97,11760
15232,67,4422
15233,23,-6739
15234,56,1687
15235,74,6120
15236,12,-9428
15237,27,-5647
15238,20,-7378
15239,34,-3765
15240,96,11633
15241,9,-10061
15242,92,10726
15243,37,-3201
15244,87,9407
15245,8,-10462
15246,47,-509
15247,39,-2549
15248,78,7215
15249,76,6582
15250,12,-9255
15251,3,-11566
15252,15,-8614
15253,38,-2851
15254,12,-9395
15255,32,-4411
15256,90,10093
15257,95,11392
15258,27,-5667
15259,49,-15
15260,24,-6265
15261,42,-1890
15262,75,6284
15263,48,-479
15264,11,-9547
15265,38,-2994
15266,13,-9225
15267,94,11212
15268,16,-8498
15269,34,-3853
15270,40,-2429
15271,54,1155
15272,88,9553
15273,21,-7017
15274,56,1697
15275,48,-369
15276,92,10597
15277,47,-557
15278,81,7849
15279,59,2393
15280,54,1052
15281,46,-921
15282,22,-6936
15283,97,11836
15284,90,10030
15285,49,-175
15286,83,8342
15287,27,-5538
15288,38,-2827
15289,79,7468
15290,99,12265
15291,30,-4960
15292,89,9769
15293,2,-11923
15294,62,3224
15295,53,886
15296,5,-11098
15297,16,-8344
15298,85,8762
15299,3,-11557
15300,86,9027
15301,28,-5307
15302,73,5865
15303,48,-485
15304,83,8414
15305,53,888
15306,74,6141
15307,34,-3805
15308,58,2005
15309,36,-3373
15310,86,9146
15311,35,-3599
15312,85,8848
15313,32,-4374
15314,46,-754
15315,28,-5275
15316,31,-4606
15317,33,-4207
15318,51,364
15319,55,1448
15320,2,-11896
15321,32,-4395
15322,60,2717
15323,39,-2631
15324,84,8608
15325,13,-9129
15326,39,-2619
15327,46,-800
15328,14,-8951
15329,15,-8626
15330,88,9589
15331,51,287
15332,71,5356
15333,35,-3601
15334,94,11150
15335,50,35
15336,49,-57
15337,49,-202
15338,17,-8048
15339,93,10758
15340,75,6363
15341,44,-1319
15342,51,411
15343,54,1146
15344,88,9632
15345,27,-5551
15346,92,10501
15347,53,781
15348,80,7612
15349,57,1799
15350,10,-9820
15351,21,-7023
15352,67,4479
15353,46,-923
15354,20,-7471
15355,35,-3503
15356,86,9102
15357,6,-10991
15358,65,3953
15359,45,-1237
15360,24,-6492
15361,61,2970
15362,19,-7632
15363,55,1471
15364,30,-4949
15365,89,9762
15366,8,-10392
15367,44,-1327
15368,72,5712
15369,99,12382
15370,19,-7617
15371,55,1283
15372,92,10603
15373,54,1060
15374,70,5193
15375,48,-443
15376,38,-2764
15377,32,-4348
15378,20,-7408
15379,31,-4649
15380,2,-11957
15381,46,-964
15382,81,7862
15383,39,-2503
15384,3,-11619
15385,14,-8758
15386,42,-1853
15387,58,2122
15388,90,10223
15389,33,-4170
15390,21,-7087
15391,28,-5423
15392,76,6615
15393,33,-4044
15394,22,-6939
15395,94,11134
15396,89,9989
15397,5,-11232
15398,15,-8611
15399,60,2503
15400,72,5661
15401,47,-719
15402,25,-6083
15403,37,-3002
15404,81,7751
15405,44,-1337
15406,40,-2415
15407,14,-8964
15408,40,-2277
15409,56,1711
15410,65,3908
15411,32,-4369
15412,70,5178
15413,35,-3507
15414,23,-6699
15415,55,1439
15416,4,-11315
15417,54,1049
15418,53,840
15419,53,919
15420,54,1001
15421,5,-11122
15422,83,8304
15423,50,83
15424,75,6449
15425,57,1813
15426,93,10933
15427,20,-7456
15428,26,-5760
15429,70,5244
15430,63,3328
15431,49,-203
15432,9,-10103
15433,41,-2007
15434,57,1911
15435,44,-1491
15436,8,-10269
15437,56,1726
15438,0,-12335
15439,56,1563
15440,9,-10238
15441,18,-7895
15442,84,8674
15443,54,1014
15444,98,12189
15445,31,-4737
15446,31,-4734
15447,64,3706
15448,37,-3016
15449,59,2255
15450,17,-8142
15451,5,-11101
15452,99,12349
15453,34,-3855
15454,36,-3432
15455,73,5750
15456,43,-1659
15457,61,2885
15458,62,3044
15459,59,2339
15460,67,4419
15461,59,2372
15462,1,-12128
15463,60,2687
15464,14,-8924
15465,88,9710
15466,51,254
15467,17,-8056
15468,93,10827
15469,49,-224
15470,69,4774
15471,47,-661
15472,97,11800
15473,61,2994
15474,46,-936
15475,33,-4015
15476,35,-3538
15477,30,-4819
15478,27,-5516
15479,5,-11089
15480,75,6385
15481,1,-12144
15482,78,7241
15483,55,1435
15484,74,6239
15485,46,-847
15486,98,12036
15487,56,1515
15488,74,6017
15489,0,-12488
15490,19,-7674
15491,72,5606
15492,57,1954
15493,65,3876
15494,96,11700
15495,36,-3481
15496,70,5015
15497,36,-3454
15498,77,6793
15499,53,973
15500,74,6123
15501,60,2679
15502,25,-6214
15503,72,5682
15504,10,-9889
15505,57,1801
15506,56,1731
15507,3,-11700
15508,78,7120
15509,49,-70
15510,55,1294
15511,88,9558
15512,37,-3044
15513,22,-6775
15514,19,-7746
15515,35,-3555
15516,72,5555
15517,72,5696
15518,53,902
15519,40,-2293
15520,47,-511
15521,7,-10567
15522,9,-10106
15523,12,-9314
15524,83,8263
15525,15,-8572
15526,36,-3410
15527,1,-12085
15528,7,-10614
15529,11,-9602
15530,65,3865
15531,59,2471
15532,89,9931
15533,35,-3520
15534,13,-9139
15535,34,-3877
15536,62,3069
15537,40,-2448
15538,26,-5820
15539,65,3764
15540,95,11395
15541,67,4440
15542,10,-9899
15543,41,-2207
15544,59,2253
15545,81,7876
15546,73,5765
15547,77,6888
15548,76,6659
15549,53,869
15550,45,-1002
15551,55,1451
15552,16,-8417
15553,6,-10934
15554,65,3845
15555,60,2603
15556,48,-416
15557,8,-10350
15558,74,6088
15559,82,8098
15560,0,-12377
15561,47,-535
15562,49,-208
15563,45,-1089
15564,87,9259
15565,90,10140
15566,29,-5035
15567,60,2631
15568,66,4040
15569,84,8702
15570,92,10669
15571,40,-2257
15572,5,-11144
15573,54,1026
15574,36,-3383
15575,54,1071
15576,50,155
15577,41,-2010
15578,54,1188
15579,59,2329
15580,95,11343
15581,94,11156
15582,34,-3908
15583,26,-5869
15584,40,-2271
15585,79,7274
15586,25,-6155
15587,36,-3412
15588,78,7027
15589,4,-11366
15590,59,2397
15591,52,667
15592,73,5794
15593,57,1797
15594,57,1909
15595,4,-11251
15596,80,7667
15597,33,-4052
15598,95,11334
15599,59,2475
15600,50,193
15601,43,-1636
15602,83,8497
15603,11,-9694
15604,92,10675
15605,71,5310
15606,94,11036
15607,77,6782
15608,28,-5391
15609,41,-2173
15610,30,-4990
15611,58,2115
15612,87,9385
15613,62,3162
15614,91,10305
15615,63,3438
15616,87,9408
15617,54,1087
15618,46,-951
15619,41,-2229
15620,76,6575
15621,63,3380
15622,49,-215
15623,46,-957
15624,70,5053
15625,53,780
15626,57,1921
15627,51,255
15628,2,-11997
15629,80,7572
15630,8,-10393
15631,32,-4478
15632,94,11122
15633,56,1561
15634,44,-1275
15635,87,9252
15636,77,6803
15637,5,-11236
15638,51,417
15639,99,12322
15640,21,-7031
15641,36,-3372
15642,14,-8909
15643,50,151
15644,92,10508
15645,13,-9022
15646,15,-8681
15647,54,1103
15648,94,11069
15649,7,-10694
15650,45,-1249
15651,5,-11204
15652,28,-5335
15653,3,-11600
15654,10,-9823
15655,46,-973
15656,32,-4391
15657,1,-12200
15658,67,4361
15659,39,-2674
15660,98,12174
15661,8,-10380
15662,68,4686
15663,59,2267
15664,15,-8508
15665,57,1790
15666,90,10173
15667,48,-493
15668,86,9132
15669,44,-1359
15670,18,-7974
15671,26,-5941
15672,56,1736
15673,25,-6221
15674,52,678
15675,27,-5673
15676,58,2019
15677,57,1927
15678,91,10426
15679,63,3476
15680,82,8118
15681,29,-5142
15682,56,1568
15683,72,5716
15684,87,9345
15685,39,-2529
15686,30,-4937
15687,67,4378
15688,30,-4953
15689,39,-2743
15690,31,-4590
15691,36,-3461
15692,70,5139
15693,0,-12280
15694,86,9086
15695,61,2983
15696,90,10198
15697,31,-4610
15698,48,-254
15699,62,3164
15700,88,9575
15701,57,1830
15702,95,11489
15703,39,-2541
15704,70,5064
15705,87,9318
15706,76,6585
15707,90,10206
15708,45,-1212
15709,55,1345
15710,46,-822
15711,76,6606
15712,36,-3422
15713,55,1331
15714,86,9073
15715,68,4590
15716,87,9395
15717,39,-2629
15718,24,-6410
15719,55,1315
15720,64,3607
15721,17,-8230
15722,36,-3464
15723,11,-9690
15724,43,-1570
15725,24,-6459
15726,98,12241
15727,61,2806
15728,38,-2998
15729,37,-3086
15730,52,686
15731,61,2915
15732,61,2795
15733,20,-7451
15734,53,803
15735,69,4880
15736,90,10138
15737,89,9898
15738,42,-1902
15739,50,194
15740,93,10773
15741,4,-11369
15742,39,-2542
15743,53,939
15744,91,10273
15745,54,1127
15746,16,-8290
15747,99,12442
15748,79,7258
15749,35,-3516
15750,53,984
15751,78,7020
15752,22,-6915
15753,40,-2308
15754,74,6249
15755,40,-2294
15756,78,7147
15757,29,-5070
15758,2,-11889
15759,28,-5437
15760,41,-2127
15761,67,4266
15762,25,-6043
15763,68,4744
15764,21,-7050
15765,33,-4072
15766,0,-12491
15767,57,1939
15768,93,10834
15769,98,12002
15770,58,2168
15771,50,87
15772,1,-12007
15773,41,-2054
15774,41,-2247
15775,49,-229
15776,46,-962
15777,31,-4555
15778,33,-4051
15779,75,6264
15780,96,11709
15781,64,3676
15782,31,-4653
15783,53,751
15784,97,11839
15785,11,-9643
15786,6,-10932
15787,32,-4316
15788,76,6687
15789,47,-665
15790,16,-8355
15791,28,-5419
15792,30,-4800
15793,33,-4012
15794,74,6049
15795,56,1603
15796,16,-8354
15797,42,-1951
15798,47,-522
15799,33,-4023
15800,81,7977
15801,32,-4262
15802,45,-1006
15803,40,-2260
15804,60,2698
15805,46,-881
15806,72,5694
15807,52,683
15808,80,7743
15809,93,10818
15810,53,815
15811,46,-825
15812,60,2672
15813,33,-4087
15814,2,-11949
15815,9,-10231
15816,86,9213
15817,18,-7998
15818,2,-11956
15819,60,2571
15820,85,8773
15821,78,7056
15822,51,405
15823,61,2875
15824,32,-4343
15825,17,-8018
15826,14,-8856
15827,60,2713
15828,83,8309
15829,47,-519
15830,4,-11365
15831,60,2507
15832,53,936
15833,61,2848
15834,95,11282
15835,43,-1557
15836,87,9295
15837,35,-3731
15838,20,-7474
15839,31,-4646
15840,8,-10338
15841,15,-8605
15842,89,9942
15843,84,8720
15844,82,8003
15845,55,1486
15846,78,7101
15847,82,8128
15848,49,-22
15849,57,1867
15850,69,4809
15851,90,10020
15852,96,11683
15853,53,761
15854,69,4858
15855,52,707
15856,27,-5657
15857,31,-4559
15858,69,4932
15859,36,-3359
15860,55,1265
15861,42,-1785
15862,35,-3508
15863,52,647
15864,70,5055
15865,30,-4873
15866,9,-10199
15867,27,-5743
15868,91,10303
15869,63,3320
15870,28,-5484
15871,55,1419
15872,94,11174
15873,16,-8257
15874,70,5109
15875,28,-5444
15876,98,12179
15877,1,-12201
15878,82,8065
15879,54,1035
15880,81,7837
15881,6,-10830
15882,40,-2481
15883,13,-9202
15884,86,9127
15885,41,-2015
15886,22,-6886
15887,53,979
15888,23,-6586
15889,58,2231
15890,61,2941
15891,39,-2710
15892,55,1326
15893,22,-6902
15894,44,-1272
15895,44,-1360
15896,38,-2833
15897,39,-2706
15898,0,-12398
15899,63,3282
15900,81,7943
15901,40,-2423
15902,87,9465
15903,40,-2453
15904,40,-2456
15905,40,-2375
15906,6,-10783
15907,45,-1239
15908,98,12127
15909,58,2042
15910,6,-10916
15911,84,8610
15912,24,-6304
15913,68,4518
15914,99,12401
15915,62,3110
15916,86,9107
15917,73,5826
15918,90,10245
15919,1,-12042
15920,84,8631
15921,52,601
15922,34,-3770
15923,47,-729
15924,67,4401
15925,49,-137
15926,91,10462
15927,56,1643
15928,40,-2439
15929,48,-366
15930,42,-1995
15931,58,2143
15932,23,-6622
15933,20,-7359
15934,48,-494
15935,59,2347
15936,35,-3697
15937,73,5852
15938,48,-469
15939,39,-2635
15940,87,9458
15941,5,-11029
15942,92,10712
15943,49,-177
15944,78,7093
15945,57,1783
15946,55,1288
15947,26,-5980
15948,99,12459
15949,5,-11226
15950,50,13
15951,32,-4400
15952,85,8966
15953,62,3090
15954,16,-8391
15955,18,-7775
15956,85,8863
15957,81,7934
15958,3,-11595
15959,35,-3747
15960,93,10922
15961,61,2783
15962,73,5921
15963,27,-5654
15964,76,6513
15965,88,9740
15966,70,5230
15967,63,3387
15968,46,-789
15969,46,-919
15970,20,-7252
15971,45,-1033
15972,18,-7792
15973,44,-1465
15974,28,-5373
15975,41,-2117
15976,40,-2273
15977,52,665
15978,82,8114
15979,40,-2493
15980,81,7947
15981,48,-319
15982,90,10225
15983,95,11338
15984,46,-863
15985,38,-2853
15986,33,-4247
15987,41,-2135
15988,84,8645
15989,58,2133
15990,71,5473
15991,52,619
15992,3,-11559
15993,19,-7698
15994,92,10590
15995,43,-1542
15996,11,-9509
15997,1,-12172
15998,71,5345
15999,63,3371
16000,97,11789
16001,62,3193
16002,98,12140
16003,42,-1823
16004,72,5591
16005,70,5138
16006,48,-424
16007,92,10644
16008,40,-2330
16009,31,-4540
16010,67,4298
16011,56,1521
16012,98,12139
16013,12,-9401
16014,4,-11278
16015,0,-12346
16016,7,-10563
16017,15,-8627
16018,66,4221
16019,98,12014
16020,67,4495
16021,34,-3800
16022,6,-10779
16023,63,3460
16024,68,4616
16025,67,4300
16026,62,3238
16027,53,928
16028,67,4253
16029,26,-5833
16030,51,367
16031,51,331
16032,80,7749
16033,99,12256
16034,63,3355
16035,95,11406
16036,91,10368
16037,93,10928
16038,36,-3491
16039,46,-838
16040,90,10007
16041,10,-9910
16042,54,1100
16043,10,-9880
16044,92,10587
16045,41,-2219
16046,36,-3424
16047,13,-9250
16048,8,-10274
16049,53,773
16050,98,12089
16051,30,-4813
16052,72,5622
16053,24,-6367
16054,28,-5491
16055,18,-7824
16056,71,5255
16057,70,5182
16058,96,11645
16059,33,-4115
16060,61,2814
16061,44,-1367
16062,69,4928
16063,26,-5872
16064,15,-8671
16065,73,5938
16066,84,8581
16067,47,-631
16068,53,909
16069,59,2396
16070,18,-7784
16071,56,1667
16072,85,8809
16073,43,-1519
16074,76,6505
16075,52,661
16076,99,12267
16077,27,-5747
16078,33,-4058
16079,79,7330
16080,23,-6641
16081,62,3139
16082,63,3397
16083,39,-2578
16084,27,-5687
16085,32,-4461
16086,3,-11710
16087,43,-1563
16088,28,-5477
16089,62,3175
16090,38,-2964
16091,64,3708
16092,99,12335
16093,78,7238
16094,32,-4299
16095,94,11012
16096,29,-5131
16097,45,-1052
16098,57,1976
16099,30,-4763
16100,8,-10385
16101,32,-4432
16102,55,1429
16103,30,-4975
16104,61,2829
16105,80,7642
16106,78,7040
16107,40,-2268
16108,88,9619
16109,53,905
16110,74,6186
16111,98,12238
16112,34,-3968
16113,65,3832
16114,36,-3420
16115,21,-7240
16116,42,-1799
16117,74,6014
16118,68,4609
16119,90,10042
16120,67,4471
16121,84,8700
16122,80,7721
16123,40,-2292
16124,86,9019
16125,67,4480
16126,38,-2834
16127,24,-6430
16128,36,-3288
16129,33,-4223
16130,89,9933
16131,45,-1126
16132,84,8653
16133,17,-8015
16134,37,-3165
16135,51,483
16136,78,7111
16137,54,1086
16138,37,-3132
16139,45,-1205
16140,75,6347
16141,62,3115
16142,55,1436
16143,43,-1558
16144,80,7712
16145,80,7698
16146,73,5914
16147,58,2119
16148,74,6227
16149,46,-995
16150,67,4388
16151,58,2076
16152,66,4206
16153,45,-1107
16154,99,12269
16155,66,4082
16156,97,11899
16157,4,-11500
16158,61,2821
16159,55,1347
16160,37,-3106
16161,60,2711
16162,71,5334
16163,72,5584
16164,98,12045
16165,57,1943
16166,43,-1609
16167,62,3076
16168,25,-6235
16169,68,4690
16170,86,9197
16171,87,9294
16172,80,7563
16173,13,-9062
16174,32,-4255
16175,46,-751
16176,60,2746
16177,40,-2274
16178,40,-2450
16179,98,12100
16180,75,6455
16181,43,-1535
16182,46,-870
16183,53,756
16184,86,9023
16185,10,-9775
16186,44,-1463
16187,41,-2099
16188,87,9307
16189,37,-3081
16190,60,2589
16191,51,273
16192,96,11596
16193,50,157
16194,79,7392
16195,1,-12156
16196,64,3534
16197,72,5686
16198,99,12258
16199,78,7038
16200,28,-5358
16201,58,2001
16202,22,-6824
16203,39,-2749
16204,39,-2639
16205,28,-5282
16206,90,10153
16207,98,12082
16208,17,-8005
16209,52,615
16210,72,5537
16211,63,3281
16212,2,-11800
16213,15,-8604
16214,26,-5799
16215,61,2787
16216,32,-4458
16217,6,-10899
16218,58,2070
16219,60,2615
16220,89,9843
16221,52,547
16222,80,7525
16223,48,-281
16224,28,-5290
16225,64,3589
16226,74,6233
16227,40,-2364
16228,99,12483
16229,97,11880
16230,77,6974
16231,25,-6203
16232,7,-10710
16233,80,7626
16234,73,5884
16235,63,3399
16236,70,5203
16237,6,-10923
16238,97,11876
16239,30,-4995
16240,18,-7984
16241,83,8450
16242,64,3655
16243,64,3679
16244,96,11559
16245,8,-10398
16246,4,-11466
16247,54,1019
16248,97,11821
16249,67,4446
16250,46,-862
16251,64,3715
16252,90,10055
16253,6,-10956
16254,76,6652
16255,29,-5156
16256,86,9024
16257,62,3130
16258,30,-4885
16259,36,-3479
16260,89,9869
16261,33,-4061
16262,7,-10637
16263,56,1737
16264,41,-2100
16265,8,-10459
16266,78,7092
16267,54,1069
16268,2,-11845
16269,68,4622
16270,36,-3350
16271,59,2427
16272,70,5134
16273,1,-12089
16274,98,12105
16275,96,11610
16276,24,-6285
16277,18,-7773
16278,37,-3111
16279,58,2103
16280,8,-10465
16281,42,-1759
16282,31,-4652
16283,36,-3435
16284,13,-9044
16285,75,6382
16286,30,-4772
16287,39,-2613
16288,97,11837
16289,42,-1863
16290,1,-12034
16291,20,-7354
16292,58,2233
16293,64,3707
16294,41,-2184
16295,24,-6398
16296,92,10625
16297,49,-142
16298,0,-12363
16299,66,4208
16300,97,11980
16301,16,-8313
16302,34,-3794
16303,58,2135
16304,75,6488
16305,89,9960
16306,49,-21
16307,83,8360
16308,97,11815
16309,37,-3107
16310,25,-6234
16311,68,4582
16312,84,8583
16313,52,646
16314,23,-6745
16315,60,2647
16316,84,8731
16317,61,2945
16318,68,4521
16319,49,-91
16320,73,5950
16321,50,146
16322,38,-2798
16323,81,7768
16324,99,12495
16325,80,7500
16326,13,-9197
16327,59,2415
16328,23,-6644
16329,48,-315
16330,54,1017
16331,58,2211
16332,90,10155
16333,26,-5838
16334,35,-3552
16335,24,-6405
16336,12,-9396
16337,0,-12334
16338,93,10821
16339,48,-468
16340,88,9737
16341,10,-9905
16342,84,8640
16343,73,5912
16344,98,12111
16345,30,-4829
16346,48,-420
16347,47,-587
16348,9,-10140
16349,33,-4149
16350,86,9093
16351,63,3468
16352,79,7407
16353,89,9828
16354,44,-1495
16355,25,-6189
16356,56,1674
16357,75,6392
16358,0,-12285
16359,68,4500
16360,82,8189
16361,44,-1350
16362,66,4197
16363,58,2163
16364,89,9839
16365,33,-4145
16366,39,-2605
16367,79,7412
16368,55,1250
16369,55,1399
16370,38,-2779
16371,80,7662
16372,71,5327
16373,58,2035
16374,97,11808
16375,48,-451
16376,45,-1196
16377,68,4628
16378,20,-7396
16379,45,-1113
16380,91,10471
16381,28,-5331
16382,96,11513
16383,73,5854
16384,74,6047
16385,52,720
16386,36,-3273
16387,42,-1937
16388,3,-11594
16389,56,1739
16390,11,-9740
16391,59,2499
16392,72,5679
16393,34,-3816
16394,74,6162
16395,78,7066
16396,9,-10026
16397,25,-6108
16398,71,5282
16399,13,-9208
16400,84,8537
16401,51,296
16402,80,7738
16403,37,-3060
16404,23,-6631
16405,27,-5588
16406,26,-5981
16407,21,-7122
16408,55,1307
16409,60,2749
16410,89,9789
16411,0,-12352
16412,6,-10767
16413,8,-10265
16414,6,-10971
16415,95,11450
16416,21,-7137
16417,77,6908
16418,88,9742
16419,30,-4758
16420,75,6415
16421,59,2479
16422,26,-5847
16423,39,-2624
16424,81,7925
16425,80,7664
16426,25,-6040
16427,30,-4964
16428,95,11468
16429,9,-10179
16430,51,388
16431,46,-941
16432,94,11111
16433,69,4754
16434,38,-2941
16435,50,209
16436,61,2961
16437,85,8788
16438,55,1387
16439,62,3197
16440,97,11782
16441,61,2934
16442,16,-8345
16443,63,3461
16444,97,11931
16445,11,-9670
16446,92,10545
16447,58,2075
16448,67,4381
16449,4,-11432
16450,4,-11433
16451,13,-9010
16452,59,2263
16453,84,8540
16454,11,-9612
16455,39,-2589
16456,26,-5873
16457,85,8962
16458,73,5937
16459,6,-10937
16460,73,5796
16461,77,6814
16462,24,-6382
16463,58,2041
16464,54,1219
16465,50,105
16466,24,-6331
16467,38,-2769
16468,2,-11936
16469,4,-11348
16470,86,9053
16471,41,-2014
16472,94,11063
16473,9,-10014
16474,33,-4068
16475,45,-1077
16476,86,9109
16477,42,-1930
16478,46,-894
16479,73,5752
16480,76,6705
16481,54,1226
16482,20,-7401
16483,3,-11596
16484,69,4814
16485,60,2575
16486,14,-8974
16487,62,3111
16488,99,12410
16489,56,1645
16490,68,4621
16491,58,2031
16492,86,9247
16493,5,-11161
16494,18,-7822
16495,62,3195
16496,66,4010
16497,38,-2918
16498,90,10249
16499,1,-12212
16500,56,1723
16501,37,-3226
16502,68,4522
16503,48,-436
16504,62,3135
16505,65,3955
16506,86,9160
16507,27,-5697
16508,85,8803
16509,12,-9430
16510,82,8130
16511,51,363
16512,78,7030
16513,41,-2128
16514,74,6172
16515,9,-10176
16516,80,7747
16517,37,-3142
16518,25,-6017
16519,87,9378
16520,12,-9471
16521,41,-2147
16522,82,8132
16523,56,1675
16524,95,11371
16525,55,1284
16526,98,12249
16527,39,-2602
16528,33,-4065
16529,35,-3727
16530,63,3305
16531,42,-1789
16532,61,2933
16533,57,1805
16534,9,-10126
16535,10,-9940
16536,18,-7842
16537,19,-7742
16538,26,-5781
16539,33,-4107
16540,8,-10308
16541,71,5444
16542,43,-1735
16543,99,12270
16544,23,-6714
16545,42,-1803
16546,90,10182
16547,65,3895
16548,76,6534
16549,41,-2216
16550,57,1964
16551,65,3763
16552,89,9889
16553,59,2370
16554,32,-4325
16555,33,-4121
16556,7,-10656
16557,53,861
16558,28,-5420
16559,83,8424
16560,10,-9966
16561,37,-3211
16562,43,-1715
16563,53,951
16564,41,-2073
16565,5,-11086
16566,10,-9886
16567,50,37
16568,47,-516
16569,59,2463
16570,7,-10704
16571,69,4862
16572,26,-5944
16573,63,3396
16574,31,-4557
16575,46,-785
16576,78,7143
16577,14,-8855
16578,8,-10411
16579,98,12190
16580,60,2648
16581,2,-11984
16582,99,12257
16583,59,2376
16584,77,6785
16585,7,-10639
16586,13,-9030
16587,47,-560
16588,88,9515
16589,63,3417
16590,31,-4672
16591,61,2767
16592,0,-12454
16593,36,-3252
16594,60,2563
16595,0,-12416
16596,75,6321
16597,85,8820
16598,49,-60
16599,60,2703
16600,55,1391
16601,41,-2220
16602,67,4322
16603,1,-12114
16604,11,-9556
16605,13,-9171
16606,73,5802
16607,51,459
16608,90,10079
16609,50,127
16610,6,-10925
16611,47,-503
16612,72,5635
16613,67,4424
16614,13,-9060
16615,52,649
16616,96,11655
16617,80,7666
16618,32,-4302
16619,63,3486
16620,72,5673
16621,27,-5615
16622,70,5022
16623,55,1339
16624,69,4751
16625,47,-643
16626,34,-3824
16627,8,-10327
16628,88,9651
16629,51,399
16630,44,-1432
16631,47,-611
16632,61,2765
16633,23,-6524
16634,31,-4743
16635,98,12050
16636,82,8115
16637,12,-9386
16638,50,234
16639,61,2859
16640,66,4100
16641,55,1285
16642,49,-41
16643,56,1705
16644,41,-2202
16645,71,5378
16646,86,9217
16647,58,2148
16648,75,6416
16649,80,7590
16650,48,-317
16651,84,8718
16652,80,7551
16653,33,-4020
16654,18,-7767
16655,62,3214
16656,48,-368
16657,86,9240
16658,97,11806
16659,58,2227
16660,94,11155
16661,58,2185
16662,21,-7016
16663,56,1611
16664,24,-6292
16665,57,1829
16666,69,4813
16667,71,5278
16668,20,-7468
16669,52,689
16670,47,-563
16671,57,1987
16672,6,-10844
16673,55,1357
16674,25,-6026
16675,56,1613
16676,91,10289
16677,39,-2572
16678,35,-3512
16679,60,2735
16680,90,10199
16681,56,1650
16682,52,531
16683,52,600
16684,16,-8476
16685,15,-8528
16686,71,5301
16687,96,11534
16688,91,10257
16689,83,8388
16690,29,-5038
16691,49,-110
16692,71,5427
16693,79,7434
16694,74,6197
16695,62,3019
16696,48,-364
16697,61,2951
16698,78,7161
16699,23,-6553
16700,73,5975
16701,41,-2214
16702,45,-1070
16703,35,-3668
16704,60,2585
16705,34,-3862
16706,59,2424
16707,48,-363
16708,58,2236
16709,72,5600
16710,23,-6634
16711,42,-1845
16712,79,7449
16713,30,-4783
16714,15,-8660
16715,64,3683
16716,50,103
16717,26,-5879
16718,9,-10004
16719,80,7630
16720,93,10797
16721,55,1353
16722,15,-8747
16723,23,-6566
16724,80,7706
16725,36,-3485
16726,62,3165
16727,91,10492
16728,92,10652
16729,56,1534
16730,71,5406
16731,73,5896
16732,83,8411
16733,74,6236
16734,38,-2925
16735,36,-3256
16736,71,5265
16737,22,-6806
16738,86,9089
16739,63,3425
16740,43,-1532
16741,22,-6863
16742,56,1744
16743,92,10516
16744,35,-3685
16745,8,-10355
16746,86,9072
16747,44,-1389
16748,32,-4279
16749,23,-6528
16750,39,-2659
16751,10,-9950
16752,74,6045
16753,57,1885
16754,17,-8019
16755,66,4167
16756,64,3525
16757,61,2850
16758,43,-1567
16759,66,4031
16760,6,-10872
16761,9,-10166
16762,28,-5259
16763,41,-2152
16764,71,5287
16765,56,1624
16766,41,-2188
16767,49,-53
16768,65,3990
16769,80,7690
16770,12,-9334
16771,86,9054
16772,36,-3308
16773,1,-12220
16774,58,2053
16775,58,2027
16776,53,960
16777,49,-219
16778,93,10884
16779,36,-3316
16780,72,5535
16781,38,-2855
16782,42,-1876
16783,98,12154
16784,74,6229
16785,65,3966
16786,8,-10433
16787,73,5936
16788,83,8253
16789,95,11266
16790,85,8840
16791,65,3889
16792,6,-10945
16793,41,-2245
16794,86,9137
16795,59,2265
16796,89,9837
16797,84,8644
16798,1,-12173
16799,74,6104
16800,79,7335
16801,53,977
16802,83,8318
16803,42,-1753
16804,84,8609
16805,52,662
16806,92,10565
16807,57,1988
16808,68,4558
16809,29,-5143
16810,48,-354
16811,54,1191
16812,36,-3407
16813,43,-1568
16814,82,8048
16815,66,4057
16816,14,-8928
16817,11,-9584
16818,5,-11058
16819,20,-7265
16820,99,12311
16821,43,-1578
16822,30,-4952
16823,17,-8189
16824,91,10398
16825,15,-8595
16826,47,-571
16827,60,2538
16828,88,9541
16829,56,1607
16830,67,4493
16831,45,-1213
16832,11,-9573
16833,29,-5169
16834,1,-12108
16835,58,2180
16836,22,-6773
16837,35,-3505
16838,83,8352
16839,64,3695
16840,47,-641
16841,72,5556
16842,51,352
16843,61,2895
16844,86,9215
16845,31,-4642
16846,55,1292
16847,67,4329
16848,43,-1736
16849,63,3415
16850,31,-4750
16851,47,-647
16852,66,4121
16853,43,-1565
16854,69,4949
16855,55,1309
16856,99,12328
16857,56,1507
16858,90,10102
16859,58,2058
16860,98,12145
16861,81,7980
16862,9,-10083
16863,96,11506
16864,16,-8478
16865,2,-11891
16866,47,-578
16867,70,5036
16868,73,5815
16869,19,-7720
16870,8,-10367
16871,4,-11491
16872,30,-4893
16873,17,-8067
16874,43,-1516
16875,43,-1747
16876,20,-7309
16877,63,3265
16878,31,-4536
16879,66,4147
16880,58,2224
16881,44,-1498
16882,86,9196
16883,54,1107
16884,68,4740
16885,22,-6909
16886,51,441
16887,24,-6302
16888,59,2295
16889,56,1587
16890,54,1207
16891,25,-6134
16892,96,11591
16893,21,-7022
16894,81,7928
16895,62,3163
16896,95,11292
16897,59,2266
16898,52,747
16899,25,-6059
16900,71,5491
16901,4,-11380
16902,88,9594
16903,97,11860
16904,59,2425
16905,51,419
16906,25,-6088
16907,17,-8057
16908,81,7903
16909,83,8284
16910,45,-1102
16911,64,3703
16912,71,5425
16913,31,-4711
16914,86,9013
16915,39,-2676
16916,32,-4444
16917,13,-9095
16918,12,-9434
16919,31,-4717
16920,25,-6239
16921,7,-10618
16922,4,-11299
16923,63,3363
16924,71,5271
16925,71,5468
16926,36,-3285
16927,49,-159
16928,84,8525
16929,59,2436
16930,19,-7708
16931,91,10274
16932,73,5911
16933,29,-5079
16934,62,3026
16935,60,2559
16936,17,-8023
16937,5,-11201
16938,41,-2061
16939,41,-2116
16940,74,6107
16941,62,3051
16942,42,-1878
16943,2,-11917
16944,64,3616
16945,84,8708
16946,37,-3153
16947,7,-10617
16948,5,-11210
16949,51,301
16950,15,-8655
16951,58,2107
16952,5,-11018
16953,45,-1169
16954,72,5545
16955,41,-2189
16956,83,8303
16957,44,-1369
16958,26,-5904
16959,83,8398
16960,55,1374
16961,60,2512
16962,67,4465
16963,71,5426
16964,99,12445
16965,7,-10582
16966,78,7008
16967,9,-10135
16968,90,10197
16969,98,12120
16970,77,6837
16971,68,4640
16972,74,6099
16973,25,-6132
16974,94,11109
16975,65,3899
16976,68,4733
16977,30,-4812
16978,4,-11258
16979,32,-4421
16980,77,6817
16981,5,-11077
16982,71,5350
16983,9,-10223
16984,70,5054
16985,51,310
16986,36,-3441
16987,93,10984
16988,43,-1529
16989,32,-4350
16990,49,-133
16991,62,3055
16992,54,1211
16993,12,-9441
16994,85,8805
16995,20,-7253
16996,94,11152
16997,31,-4718
16998,52,501
16999,55,1457
17000,51,251
17001,77,6832
17002,50,41
17003,32,-4413
17004,96,11746
17005,28,-5369
17006,97,11881
17007,52,523
17008,98,12031
17009,93,10942
17010,96,11729
17011,7,-10641
17012,73,5859
17013,51,495
17014,50,224
17015,90,10028
17016,14,-8938
17017,66,4185
17018,58,2059
17019,58,2183
17020,26,-5969
17021,8,-10415
17022,66,4056
17023,62,3083
17024,22,-6830
17025,30,-4867
17026,26,-5764
17027,39,-2586
17028,27,-5627
17029,39,-2531
17030,40,-2500
17031,28,-5309
17032,51,435
17033,43,-1548
17034,83,8449
17035,25,-6190
17036,92,10671
17037,31,-4522
17038,91,10285
17039,65,3919
17040,17,-8136
17041,40,-2472
17042,10,-9986
17043,59,2439
17044,76,6526
17045,89,9780
17046,51,377
17047,72,5740
17048,10,-9865
17049,97,11820
17050,62,3073
17051,63,3341
17052,75,6371
17053,22,-6983
17054,71,5305
17055,57,1947
17056,34,-3925
17057,63,3401
17058,3,-11604
17059,57,1936
17060,50,248
17061,36,-3279
17062,89,9754
17063,58,2147
17064,73,5945
17065,62,3159
17066,98,12073
17067,93,10926
17068,6,-10853
17069,66,4093
17070,84,8701
17071,62,3010
17072,81,7993
17073,34,-3859
17074,46,-826
17075,28,-5457
17076,34,-3987
17077,4,-11396
17078,77,6905
17079,25,-6025
17080,91,10349
17081,21,-7147
17082,32,-4300
17083,8,-10332
17084,28,-5414
17085,72,5562
17086,9,-10067
17087,46,-885
17088,54,1036
17089,36,-3339
17090,55,1453
17091,19,-7556
17092,83,8385
17093,73,5958
17094,21,-7045
17095,66,4131
17096,84,8503
17097,46,-790
17098,77,6889
17099,85,8920
17100,35,-3671
17101,51,309
17102,59,2274
17103,47,-728
17104,42,-1913
17105,65,3959
17106,10,-9792
17107,67,4287
17108,54,1165
17109,3,-11684
17110,21,-7159
17111,61,2807
17112,94,11144
17113,48,-371
17114,20,-7339
17115,67,4299
17116,92,10533
17117,40,-2336
17118,55,1474
17119,49,-181
17120,93,10908
17121,76,6508
17122,85,8772
17123,73,5994
17124,97,11894
17125,61,2779
17126,26,-5920
17127,66,4035
17128,89,9786
17129,64,3659
17130,64,3666
17131,65,3857
17132,87,9489
17133,15,-8665
17134,89,9950
17135,61,2907
17136,35,-3514
17137,34,-3874
17138,84,8572
17139,10,-9951
17140,89,9927
17141,12,-9495
17142,98,12013
17143,55,1383
17144,90,10113
17145,65,3880
17146,23,-6599
17147,84,8544
17148,55,1319
17149,10,-9868
17150,20,-7256
17151,63,3435
17152,9,-10109
17153,10,-9852
17154,69,4765
17155,32,-4364
17156,73,5875
17157,67,4261
17158,30,-4918
17159,53,889
17160,45,-1024
17161,67,4355
17162,34,-3759
17163,28,-5300
17164,59,2302
17165,37,-3159
17166,43,-1593
17167,40,-2422
17168,32,-4283
17169,57,1838
17170,5,-11247
17171,54,1065
17172,79,7485
17173,68,4553
17174,70,5184
17175,9,-10130
17176,13,-9093
17177,5,-11112
17178,54,1249
17179,64,3592
17180,81,7867
17181,8,-10431
17182,33,-4216
17183,88,9664
17184,42,-1818
17185,88,9580
17186,88,9702
17187,58,2030
17188,82,8035
17189,63,3453
17190,58,2213
17191,51,318
17192,31,-4547
17193,67,4289
17194,44,-1302
17195,34,-3893
17196,86,9199
17197,65,3973
17198,49,-186
17199,53,923
17200,82,8049
17201,54,1083
17202,69,4810
17203,70,5194
17204,59,2462
17205,58,2239
17206,41,-2137
17207,86,9188
17208,60,2718
17209,54,1171
17210,32,-4484
17211,51,279
17212,91,10455
17213,64,3662
17214,76,6553
17215,57,1999
17216,80,7735
17217,42,-1796
17218,89,9997
17219,62,3108
17220,23,-6576
17221,65,3815
17222,52,694
17223,8,-10295
17224,14,-8949
17225,25,-6119
17226,52,687
17227,59,2466
17228,68,4507
17229,19,-7642
17230,46,-817
17231,48,-331
17232,16,-8468
17233,21,-7043
17234,72,5593
17235,61,2956
17236,84,8515
17237,15,-8620
17238,29,-5242
17239,68,4730
17240,92,10639
17241,57,1841
17242,31,-4668
17243,16,-8275
17244,71,5436
17245,30,-4961
17246,57,1914
17247,87,9376
17248,6,-10917
17249,1,-12129
17250,25,-6117
17251,38,-2992
17252,99,12462
17253,58,2130
17254,10,-9877
17255,30,-4805
17256,79,7311
17257,41,-2126
17258,66,4098
17259,28,-5449
17260,94,11164
17261,74,6152
17262,1,-12047
17263,61,2835
17264,77,6848
17265,20,-7449
17266,46,-890
17267,4,-11492
17268,97,11953
17269,52,607
17270,6,-10850
17271,41,-2006
17272,99,12438
17273,63,3351
17274,21,-7083
17275,40,-2475
17276,94,11229
17277,77,6858
17278,78,7133
17279,52,721
17280,92,10615
17281,82,8184
17282,85,8765
17283,16,-8441
17284,76,6518
17285,37,-3108
17286,60,2700
17287,44,-1331
17288,97,11999
17289,98,12116
17290,71,5460
17291,55,1379
17292,51,446
17293,72,5572
17294,25,-6161
17295,64,3667
17296,0,-12332
17297,53,914
17298,28,-5284
17299,55,1401
17300,52,636
17301,59,2467
17302,62,3150
17303,68,4659
17304,75,6325
17305,91,10434
17306,9,-10171
17307,59,2440
17308,39,-2746
17309,51,324
17310,83,8273
17311,42,-1834
17312,90,10239
17313,62,3066
17314,32,-4379
17315,39,-2617
17316,85,8855
17317,28,-5339
17318,24,-6263
17319,17,-8247
17320,7,-10707
17321,35,-3739
17322,83,8297
17323,1,-12014
17324,91,10483
17325,44,-1427
17326,41,-2084
17327,67,4357
17328,19,-7575
17329,7,-10508
17330,4,-11399
17331,55,1413
17332,51,322
17333,63,3268
17334,16,-8346
17335,50,72
17336,38,-2892
17337,71,5414
17338,84,8641
17339,33,-4075
17340,35,-3732
17341,36,-3354
17342,59,2320
17343,62,3099
17344,61,2940
17345,65,3883
17346,52,663
17347,18,-7893
17348,60,2622
17349,63,3499
17350,88,9629
17351,66,4228
17352,97,11895
17353,48,-346
17354,11,-9578
17355,52,591
17356,82,8134
17357,69,4972
17358,7,-10570
17359,54,1093
17360,98,12080
17361,30,-4904
17362,62,3011
17363,47,-727
17364,67,4402
17365,86,9098
17366,38,-2831
17367,63,3335
17368,77,6937
17369,50,47
17370,53,758
17371,50,130
17372,27,-5713
17373,28,-5328
17374,15,-8689
17375,55,1323
17376,16,-8472
17377,42,-1979
17378,35,-3683
17379,60,2546
17380,90,10201
17381,28,-5401
17382,99,12457
17383,40,-2445
17384,81,7908
17385,9,-10081
17386,27,-5521
17387,89,9984
17388,65,3867
17389,25,-6073
17390,13,-9068
17391,68,4571
17392,24,-6486
17393,35,-3539
17394,76,6517
17395,18,-7840
17396,70,5027
17397,48,-303
17398,9,-10120
17399,68,4713
17400,66,4109
17401,54,1045
17402,51,389
17403,69,4888
17404,77,6995
17405,31,-4626
17406,88,9538
17407,34,-3989
17408,9,-10007
17409,7,-10594
17410,77,6840
17411,36,-3489
17412,13,-9155
17413,81,7850
17414,99,12356
17415,8,-10422
17416,82,8224
17417,66,4129
17418,33,-4184
17419,21,-7149
17420,75,6251
17421,41,-2155
17422,3,-11565
17423,68,4699
17424,68,4603
17425,49,-243
17426,32,-4359
17427,94,11162
17428,84,8659
17429,98,12158
17430,57,1869
17431,48,-401
17432,80,7553
17433,53,862
17434,40,-2464
17435,62,3219
17436,39,-2514
17437,79,7348
17438,69,4997
17439,34,-3852
17440,15,-8736
17441,9,-10068
17442,81,7793
17443,52,673
17444,57,1941
17445,56,1649
17446,19,-7683
17447,24,-6258
17448,26,-5970
17449,40,-2317
17450,89,9868
17451,34,-3919
17452,91,10491
17453,35,-3596
17454,69,4860
17455,48,-277
17456,33,-4029
17457,34,-3795
17458,65,3792
17459,66,4159
17460,74,6132
17461,59,2422
17462,37,-3122
17463,54,1239
17464,81,7757
17465,62,3122
17466,49,-222
17467,7,-10505
17468,6,-10941
17469,48,-383
17470,78,7213
17471,63,3475
17472,88,9537
17473,11,-9640
17474,39,-2573
17475,41,-2178
17476,10,-9998
17477,57,1985
17478,36,-3334
17479,61,2959
17480,3,-11725
17481,71,5392
17482,69,4886
17483,42,-1920
17484,81,7851
17485,23,-6604
17486,86,9245
17487,45,-1149
17488,1,-12067
17489,17,-8162
17490,58,2187
17491,55,1455
17492,82,8133
17493,94,11084
17494,0,-12462
17495,9,-10158
17496,25,-6207
17497,16,-8267
17498,87,9368
17499,84,8676
17500,2,-11864
17501,23,-6518
17502,93,10766
17503,44,-1301
17504,24,-6474
17505,17,-8020
17506,39,-2708
17507,42,-1867
17508,22,-6972
17509,45,-1025
17510,62,3169
17511,94,11190
17512,32,-4386
17513,48,-324
17514,7,-10630
17515,3,-11749
17516,90,10051
17517,30,-4841
17518,56,1545
17519,54,1147
17520,73,5879
17521,17,-8059
17522,53,837
17523,67,4335
17524,26,-5907
17525,44,-1266
17526,58,2195
17527,80,7514
17528,74,6066
17529,21,-7003
17530,59,2389
17531,84,8520
17532,84,8552
17533,39,-2641
17534,67,4310
17535,66,4196
17536,86,9113
17537,12,-9351
17538,85,8849
17539,43,-1655
17540,77,6796
17541,66,4175
17542,49,-72
17543,33,-4025
17544,6,-10834
17545,67,4436
17546,14,-8834
17547,44,-1339
17548,84,8564
17549,69,4999
17550,5,-11135
17551,88,9516
17552,5,-11140
17553,11,-9590
17554,44,-1325
17555,23,-6701
17556,75,6386
17557,20,-7395
17558,69,4828
17559,45,-1235
17560,1,-12188
17561,25,-6186
17562,75,6281
17563,7,-10540
17564,38,-2982
17565,5,-11167
17566,96,11657
17567,14,-8837
17568,8,-10377
17569,17,-8220
17570,52,724
17571,68,4694
17572,7,-10676
17573,93,10900
17574,24,-6437
17575,45,-1217
17576,74,6216
17577,63,3327
17578,48,-376
17579,65,3791
17580,26,-5896
17581,95,11416
17582,14,-8981
17583,69,4987
17584,18,-7876
17585,63,3440
17586,5,-11191
17587,61,2791
17588,78,7184
17589,21,-7170
17590,31,-4583
17591,80,7740
17592,86,9001
17593,89,9962
17594,71,5373
17595,47,-706
17596,69,4870
17597,43,-1522
17598,35,-3622
17599,96,11588
17600,2,-11990
17601,66,4146
17602,89,9829
17603,11,-9676
17604,10,-9893
17605,73,5772
17606,90,10145
17607,60,2523
17608,26,-5934
17609,8,-10365
17610,67,4251
17611,40,-2279
17612,96,11563
17613,3,-11581
17614,1,-12086
17615,94,11054
17616,37,-3240
17617,30,-4856
17618,69,4847
17619,49,-176
17620,65,3777
17621,55,1263
17622,23,-6742
17623,70,5006
17624,89,9940
17625,42,-1888
17626,92,10696
17627,52,544
17628,85,8891
17629,59,2490
17630,94,11101
17631,91,10336
17632,98,12213
17633,45,-1119
17634,28,-5368
17635,19,-7723
17636,93,10911
17637,42,-1975
17638,44,-1483
17639,70,5041
17640,24,-6323
17641,68,4719
17642,87,9429
17643,31,-4573
17644,26,-5877
17645,18,-7882
17646,85,8877
17647,54,1179
17648,51,351
17649,9,-10019
17650,71,5384
17651,18,-7873
17652,77,6991
17653,37,-3030
17654,49,-50
17655,22,-6973
17656,39,-2713
17657,30,-4786
17658,21,-7012
17659,98,12178
17660,27,-5632
17661,54,1095
17662,6,-10878
17663,85,8910
17664,94,11117
17665,5,-11138
17666,69,4768
17667,87,9346
17668,80,7628
17669,35,-3618
17670,49,-207
17671,68,4629
17672,99,12465
17673,29,-5178
17674,90,10222
17675,97,11764
17676,88,9707
17677,98,12084
17678,24,-6264
17679,33,-4078
17680,50,159
17681,99,12386
17682,33,-4159
17683,17,-8249
17684,97,11933
17685,14,-8955
17686,72,5605
17687,46,-933
17688,75,6423
17689,26,-5950
17690,89,9832
17691,65,3971
17692,41,-2204
17693,16,-8265
17694,60,2568
17695,47,-745
17696,32,-4399
17697,19,-7655
17698,69,4933
17699,32,-4438
17700,94,11183
17701,85,8836
17702,53,982
17703,63,3488
17704,42,-1904
17705,75,6442
17706,41,-2058
17707,83,8350
17708,43,-1562
17709,62,3098
17710,73,5957
17711,61,2858
17712,88,9672
17713,31,-4691
17714,17,-8165
17715,16,-8469
17716,67,4485
17717,58,2207
17718,63,3494
17719,48,-309
17720,67,4390
17721,27,-5635
17722,79,7452
17723,58,2215
17724,29,-5232
17725,0,-12375
17726,56,1671
17727,75,6304
17728,35,-3588
17729,17,-8044
17730,73,5778
17731,39,-2670
17732,75,6487
17733,59,2369
17734,66,4128
17735,59,2377
17736,71,5433
17737,2,-11753
17738,31,-4636
17739,36,-3278
17740,7,-10533
17741,59,2341
17742,37,-3186
17743,61,2939
17744,77,6767
17745,1,-12228
17746,18,-7916
17747,43,-1591
17748,98,12051
17749,28,-5467
17750,56,1732
17751,65,3918
17752,72,5652
17753,88,9714
17754,79,7289
17755,10,-9769
17756,45,-1058
17757,62,3050
17758,18,-7972
17759,51,280
17760,54,1079
17761,31,-4587
17762,73,5897
17763,60,2619
17764,79,7286
17765,63,3324
17766,54,1018
17767,68,4668
17768,50,122
17769,9,-10208
17770,90,10025
17771,30,-4942
17772,42,-1961
17773,62,3245
17774,0,-12403
17775,70,5195
17776,73,5841
17777,45,-1118
17778,66,4084
17779,51,381
17780,90,10035
17781,42,-1977
17782,45,-1159
17783,39,-2737
17784,74,6102
17785,52,514
17786,23,-6503
17787,29,-5021
17788,81,7955
17789,52,701
17790,44,-1490
17791,61,2777
17792,13,-9040
17793,19,-7538
17794,28,-5349
17795,70,5237
17796,10,-9923
17797,3,-11520
17798,97,11932
17799,61,2865
17800,81,7916
17801,1,-12208
17802,21,-7185
17803,56,1597
17804,80,7719
17805,31,-4561
17806,74,6064
17807,45,-1189
17808,89,9991
17809,60,2518
17810,21,-7250
17811,92,10504
17812,57,1945
17813,21,-7091
17814,22,-6982
17815,60,2535
17816,64,3531
17817,66,4209
17818,78,7044
17819,41,-2191
17820,89,9753
17821,58,2123
17822,50,25
17823,68,4585
17824,67,4394
17825,49,-231
17826,14,-8768
17827,57,1965
17828,57,1853
17829,78,7224
17830,62,3182
17831,31,-4667
17832,41,-2138
17833,19,-7684
17834,44,-1485
17835,70,5081
17836,75,6473
17837,91,10332
17838,37,-3139
17839,65,3915
17840,97,11778
17841,37,-3001
17842,85,8854
17843,35,-3723
17844,13,-9067
17845,80,7558
17846,87,9364
17847,47,-663
17848,26,-5859
17849,46,-887
17850,71,5492
17851,72,5706
17852,3,-11746
17853,74,6118
17854,52,518
17855,35,-3551
17856,90,10215
17857,5,-11119
17858,90,10058
17859,11,-9520
17860,3,-11636
17861,6,-10865
17862,22,-6906
17863,57,1916
17864,40,-2409
17865,64,3717
17866,42,-1773
17867,69,4829
17868,85,8943
17869,3,-11590
17870,98,12034
17871,27,-5557
17872,98,12191
17873,43,-1546
17874,13,-9049
17875,73,5822
17876,8,-10344
17877,35,-3642
17878,40,-2281
17879,65,3999
17880,98,12172
17881,9,-10212
17882,0,-12257
17883,61,2906
17884,61,2967
17885,71,5344
17886,34,-3847
17887,68,4615
17888,19,-7654
17889,47,-609
17890,78,7185
17891,52,715
17892,73,5949
17893,35,-3565
17894,12,-9460
17895,55,1434
17896,83,8495
17897,70,5009
17898,72,5733
17899,41,-2227
17900,78,7035
17901,78,7072
17902,58,2080
17903,59,2315
17904,20,-7487
17905,29,-5183
17906,49,-17
17907,56,1663
17908,80,7683
17909,51,382
17910,63,3481
17911,71,5320
17912,91,10377
17913,3,-11589
17914,28,-5469
17915,56,1695
17916,93,10779
17917,53,941
17918,4,-11426
17919,67,4395
17920,97,11783
17921,65,3769
17922,83,8261
17923,75,6468
17924,96,11532
17925,6,-10895
17926,78,7080
17927,39,-2669
17928,38,-2882
17929,0,-12328
17930,90,10160
17931,23,-6519
17932,92,10723
17933,87,9440
17934,90,10194
17935,65,3871
17936,85,8950
17937,81,7878
17938,80,7546
17939,42,-1938
17940,61,2808
17941,71,5395
17942,81,7813
17943,62,3223
17944,37,-3213
17945,61,2793
17946,30,-4775
17947,39,-2697
17948,99,12443
17949,24,-6448
17950,44,-1385
17951,43,-1547
17952,7,-10517
17953,11,-9540
17954,63,3256
17955,83,8282
17956,86,9037
17957,23,-6592
17958,66,4227
17959,57,1975
17960,18,-7838
17961,5,-11127
17962,41,-2142
17963,47,-603
17964,9,-10234
17965,51,386
17966,28,-5381
17967,70,5047
17968,46,-927
17969,62,3025
17970,79,7305
17971,23,-6662
17972,6,-10915
17973,46,-906
17974,38,-2852
17975,66,4179
17976,3,-11514
17977,17,-8237
17978,72,5745
17979,33,-4158
17980,78,7227
17981,30,-4811
17982,49,-2
17983,71,5408
17984,33,-4006
17985,25,-6136
17986,22,-6758
17987,37,-3133
17988,57,1950
17989,69,4852
17990,48,-385
17991,51,422
17992,45,-1015
17993,34,-3920
17994,59,2340
17995,47,-626
17996,81,7883
17997,24,-6452
17998,52,710
17999,61,2853
18000,52,529
18001,48,-461
18002,34,-3781
18003,71,5385
18004,91,10312
18005,83,8312
18006,89,9973
18007,8,-10414
18008,69,4929
18009,62,3194
18010,78,7077
18011,70,5013
18012,18,-7851
18013,51,497
18014,58,2198
18015,55,1475
18016,76,6584
18017,32,-4330
18018,39,-2565
18019,3,-11603
18020,98,12065
18021,25,-6211
18022,86,9172
18023,82,8156
18024,59,2447
18025,33,-4047
18026,80,7620
18027,58,2179
18028,35,-3627
18029,71,5303
18030,57,1952
18031,38,-2903
18032,22,-6807
18033,0,-12331
18034,36,-3320
18035,67,4380
18036,84,8596
18037,12,-9311
18038,80,7653
18039,49,-250
18040,56,1654
18041,64,3621
18042,57,1896
18043,48,-431
18044,78,7199
18045,57,1923
18046,10,-9885
18047,71,5381
18048,97,11752
18049,19,-7661
18050,57,1774
18051,76,6614
18052,13,-9245
18053,65,3873
18054,3,-11506
18055,3,-11554
18056,73,5889
18057,44,-1280
18058,77,6772
18059,47,-521
18060,99,12363
18061,81,7848
18062,42,-1816
18063,67,4490
18064,87,9286
18065,35,-3662
18066,5,-11091
18067,22,-6827
18068,23,-6749
18069,67,4252
18070,94,11052
18071,49,-247
18072,20,-7384
18073,25,-6058
18074,40,-2320
18075,12,-9273
18076,79,7337
18077,36,-3327
18078,18,-7777
18079,33,-4151
18080,69,4908
18081,59,2261
18082,58,2120
18083,29,-5145
18084,12,-9403
18085,40,-2331
18086,72,5525
18087,15,-8623
18088,8,-10428
18089,65,3807
18090,94,11209
18091,43,-1597
18092,43,-1603
18093,79,7366
18094,4,-11429
18095,36,-3463
18096,6,-10881
18097,25,-6023
18098,24,-6320
18099,64,3555
18100,72,5601
18101,41,-2170
18102,10,-9891
18103,69,4819
18104,81,7789
18105,1,-12055
18106,70,5154
18107,95,11368
18108,94,11217
18109,15,-8576
18110,31,-4650
18111,69,4867
18112,70,5091
18113,66,4157
18114,53,805
18115,93,10846
18116,12,-9361
18117,22,-6967
18118,4,-11421
18119,59,2451
18120,17,-8060
18121,43,-1728
18122,46,-834
18123,59,2251
18124,87,9443
18125,0,-12402
18126,58,2144
18127,71,5445
18128,42,-1912
18129,47,-558
18130,57,1981
18131,54,1005
18132,57,1777
18133,6,-10883
18134,99,12378
18135,29,-5085
18136,62,3156
18137,44,-1307
18138,14,-8958
18139,53,763
18140,85,8847
18141,36,-3346
18142,28,-5443
18143,61,2955
18144,33,-4081
18145,40,-2499
18146,27,-5584
18147,49,-3
18148,92,10563
18149,75,6362
18150,39,-2709
18151,63,3347
18152,10,-9982
18153,90,10008
18154,69,4823
18155,64,3513
18156,97,11766
18157,36,-3378
18158,97,11869
18159,69,4795
18160,5,-11055
18161,56,1627
18162,72,5527
18163,3,-11698
18164,99,12447
18165,20,-7476
18166,68,4503
18167,19,-7735
18168,17,-8210
18169,34,-3873
18170,41,-2212
18171,44,-1440
18172,27,-5579
18173,71,5479
18174,61,2926
18175,61,2987
18176,94,11234
18177,63,3360
18178,18,-7802
18179,70,5234
18180,11,-9515
18181,16,-8398
18182,76,6520
18183,17,-8058
18184,27,-5658
18185,46,-851
18186,45,-1068
18187,2,-11815
18188,76,6543
18189,43,-1538
18190,17,-8196
18191,50,182
18192,39,-2544
18193,87,9466
18194,53,970
18195,61,2811
18196,81,7827
18197,55,1487
18198,34,-3778
18199,68,4595
18200,34,-3818
18201,53,972
18202,68,4513
18203,15,-8554
18204,92,10628
18205,7,-10550
18206,87,9278
18207,67,4441
18208,39,-2666
18209,64,3557
18210,90,10226
18211,66,4160
18212,80,7731
18213,93,10934
18214,20,-7332
18215,0,-12381
18216,84,8586
18217,45,-1140
18218,44,-1289
18219,72,5571
18220,90,10208
18221,7,-10547
18222,59,2285
18223,63,3451
18224,70,5220
18225,52,577
18226,71,5367
18227,90,10128
18228,37,-3216
18229,94,11184
18230,64,3519
18231,65,3803
18232,26,-5882
18233,93,10752
18234,6,-10944
18235,17,-8163
18236,92,10555
18237,35,-3729
18238,81,7864
18239,15,-8602
18240,58,2137
18241,18,-7981
18242,47,-656
18243,34,-3802
18244,58,2109
18245,15,-8534
18246,97,11973
18247,82,8162
18248,78,7225
18249,21,-7025
18250,64,3648
18251,99,12318
18252,93,10859
18253,27,-5536
18254,43,-1580
18255,28,-5287
18256,92,10528
18257,10,-9920
18258,1,-12071
18259,93,10970
18260,84,8545
18261,66,4240
18262,10,-9827
18263,80,7710
18264,4,-11494
18265,20,-7308
18266,99,12324
18267,86,9138
18268,88,9519
18269,87,9472
18270,68,4555
18271,60,2677
18272,62,3121
18273,5,-11166
18274,96,11654
18275,6,-10905
18276,30,-4932
18277,16,-8331
18278,8,-10339
18279,61,2927
18280,77,6818
18281,88,9506
18282,15,-8516
18283,49,-234
18284,93,10763
18285,15,-8550
18286,41,-2226
18287,52,598
18288,62,3244
18289,6,-10906
18290,92,10692
18291,57,1875
18292,98,12227
18293,58,2219
18294,33,-4165
18295,4,-11457
18296,85,8814
18297,0,-12319
18298,93,10901
18299,66,4087
18300,6,-11000
18301,72,5533
18302,36,-3403
18303,71,5291
18304,27,-5664
18305,23,-6560
18306,35,-3535
18307,30,-4931
18308,98,12135
18309,29,-5063
18310,92,10708
18311,58,2249
18312,27,-5653
18313,58,2104
18314,5,-11165
18315,13,-9127
18316,37,-3134
18317,77,6776
18318,96,11546
18319,66,4058
18320,82,8197
18321,96,11730
18322,96,11538
18323,40,-2395
18324,83,8285
18325,1,-12171
18326,36,-3417
18327,55,1271
18328,32,-4495
18329,44,-1398
18330,88,9544
18331,76,6630
18332,29,-5067
18333,41,-2122
18334,1,-12052
18335,59,2491
18336,4,-11454
18337,63,3447
18338,0,-12317
18339,67,4304
18340,94,11091
18341,85,8918
18342,55,1310
18343,20,-7305
18344,31,-4548
18345,56,1720
18346,59,2461
18347,41,-2036
18348,2,-11777
18349,69,4916
18350,82,8221
18351,57,1823
18352,87,9462
18353,27,-5717
18354,55,1259
18355,64,3635
18356,54,1141
18357,19,-7612
18358,37,-3148
18359,71,5415
18360,91,10437
18361,58,2193
18362,77,6826
18363,29,-5011
18364,12,-9368
18365,70,5108
18366,69,4790
18367,54,1195
18368,80,7729
18369,70,5079
18370,49,-93
18371,61,2985
18372,92,10659
18373,31,-4545
18374,91,10304
18375,91,10358
18376,75,6266
18377,35,-3611
18378,13,-9238
18379,24,-6363
18380,81,7915
18381,74,6240
18382,82,8113
18383,89,9772
18384,68,4529
18385,62,3013
18386,59,2407
18387,5,-11097
18388,21,-7215
18389,0,-12440
18390,19,-7568
18391,68,4543
18392,19,-7650
18393,67,4250
18394,69,4989
18395,26,-5891
18396,15,-8502
18397,72,5668
18398,84,8624
18399,70,5179
18400,81,7783
18401,36,-3322
18402,24,-6419
18403,61,2849
18404,93,10953
18405,90,10024
18406,29,-5167
18407,47,-646
18408,58,2071
18409,8,-10426
18410,14,-8777
18411,47,-637
18412,93,10893
18413,70,5227
18414,40,-2309
18415,74,6224
18416,87,9353
18417,55,1447
18418,15,-8653
18419,25,-6051
18420,73,5902
18421,58,2191
18422,25,-6037
18423,96,11530
18424,45,-1041
18425,55,1295
18426,20,-7493
18427,58,2007
18428,40,-2417
18429,34,-3960
18430,32,-4261
18431,74,6138
18432,83,8319
18433,73,5834
18434,69,4957
18435,54,1047
18436,64,3675
18437,9,-10022
18438,70,5080
18439,78,7096
18440,90,10228
18441,75,6432
18442,88,9612
18443,58,2078
18444,91,10267
18445,13,-9012
18446,47,-708
18447,59,2487
18448,85,8799
18449,38,-2829
18450,70,5215
18451,3,-11701
18452,61,2962
18453,56,1565
18454,62,3028
18455,15,-8597
18456,50,228
18457,6,-10823
18458,83,8346
18459,42,-1919
18460,28,-5440
18461,85,8998
18462,18,-7869
18463,57,1871
18464,84,8625
18465,66,4032
18466,17,-8079
18467,16,-8286
18468,8,-10284
18469,26,-5790
18470,76,6737
18471,45,-1225
18472,66,4038
18473,18,-7834
18474,5,-11109
18475,4,-11464
18476,98,12131
18477,10,-9790
18478,28,-5429
18479,59,2319
18480,58,2051
18481,12,-9261
18482,19,-7573
18483,64,3743
18484,55,1416
18485,59,2391
18486,92,10582
18487,17,-8068
18488,45,-1230
18489,0,-12484
18490,79,7292
18491,15,-8732
18492,88,9627
18493,28,-5336
18494,87,9333
18495,60,2731
18496,14,-8790
18497,42,-1865
18498,86,9184
18499,21,-7143
18500,22,-6996
18501,18,-7863
18502,99,12354
18503,69,4895
18504,88,9668
18505,9,-10197
18506,79,7457
18507,49,-109
18508,82,8203
18509,17,-8186
18510,43,-1739
18511,74,6206
18512,37,-3190
18513,29,-5040
18514,39,-2747
18515,44,-1317
18516,1,-12073
18517,40,-2359
18518,75,6472
18519,59,2443
18520,11,-9632
18521,25,-6209
18522,89,9872
18523,48,-293
18524,90,10211
18525,96,11552
18526,36,-3487
18527,54,1015
18528,99,12391
18529,43,-1638
18530,50,110
18531,67,4295
18532,86,9241
18533,21,-7191
18534,69,4893
18535,39,-2556
18536,4,-11389
18537,9,-10080
18538,84,8553
18539,33,-4045
18540,0,-12448
18541,89,9850
18542,5,-11031
18543,82,8154
18544,84,8622
18545,92,10500
18546,46,-856
18547,29,-5068
18548,75,6453
18549,35,-3648
18550,81,7969
18551,72,5531
18552,82,8183
18553,63,3303
18554,14,-8808
18555,99,12300
18556,70,5172
18557,58,2032
18558,61,2826
18559,90,10166
18560,6,-10993
18561,88,9526
18562,6,-10969
18563,45,-1092
18564,7,-10714
18565,21,-7010
18566,32,-4470
18567,68,4647
18568,51,304
18569,40,-2267
18570,6,-10970
18571,27,-5642
18572,92,10503
18573,62,3129
18574,14,-8829
18575,71,5499
18576,41,-2177
18577,40,-2263
18578,89,9964
18579,52,633
18580,93,10899
18581,47,-733
18582,20,-7321
18583,27,-5600
18584,25,-6218
18585,60,2582
18586,25,-6147
18587,67,4343
18588,20,-7358
18589,11,-9685
18590,68,4639
18591,73,5886
18592,66,4140
18593,46,-815
18594,0,-12433
18595,22,-6791
18596,5,-11223
18597,66,4055
18598,62,3202
18599,54,1161
18600,63,3342
18601,48,-360
18602,90,10049
18603,14,-8901
18604,75,6403
18605,1,-12113
18606,84,8733
18607,52,696
18608,2,-11885
18609,65,3843
18610,39,-2693
18611,64,3542
18612,99,12390
18613,37,-3168
18614,55,1427
18615,23,-6702
18616,49,-20
18617,45,-1029
18618,97,11921
18619,72,5505
18620,85,8934
18621,74,6057
18622,69,4952
18623,64,3663
18624,36,-3342
18625,57,1865
18626,88,9666
18627,49,-5
18628,8,-10369
18629,70,5226
18630,35,-3644
18631,97,11940
18632,69,4811
18633,95,11250
18634,90,10202
18635,31,-4550
18636,90,10027
18637,95,11284
18638,59,2335
18639,72,5585
18640,77,6805
18641,73,5904
18642,4,-11476
18643,16,-8348
18644,60,2695
18645,89,9846
18646,97,11925
18647,36,-3284
18648,35,-3742
18649,40,-2265
18650,55,1349
18651,53,863
18652,85,8819
18653,21,-7220
18654,54,1163
18655,15,-8608
18656,75,6335
18657,67,4464
18658,96,11617
18659,65,3875
18660,50,26
18661,72,5650
18662,57,1940
18663,67,4293
18664,69,4874
18665,50,225
18666,80,7516
18667,72,5621
18668,98,12159
18669,27,-5712
18670,23,-6687
18671,90,10154
18672,96,11503
18673,31,-4679
18674,5,-11174
18675,58,2023
18676,91,10371
18677,88,9564
18678,55,1398
18679,51,415
18680,15,-8688
18681,18,-7850
18682,33,-4137
18683,12,-9470
18684,71,5402
18685,62,3222
18686,90,10078
18687,62,3232
18688,80,7597
18689,3,-11631
18690,87,9422
18691,50,71
18692,23,-6744
18693,26,-5971
18694,12,-9446
18695,7,-10698
18696,43,-1577
18697,52,532
18698,51,300
18699,92,10648
18700,79,7470
18701,81,7938
18702,78,7249
18703,71,5419
18704,15,-8563
18705,27,-5512
18706,65,3818
18707,68,4593
18708,87,9456
18709,71,5382
18710,79,7489
18711,6,-10891
18712,2,-11837
18713,15,-8684
18714,21,-7190
18715,38,-2889
18716,44,-1392
18717,71,5431
18718,45,-1026
18719,76,6684
18720,66,4111
18721,66,4225
18722,94,11040
18723,47,-581
18724,77,6981
18725,58,2230
18726,9,-10079
18727,54,1243
18728,92,10660
18729,44,-1451
18730,88,9725
18731,52,679
18732,75,6346
18733,54,1245
18734,72,5637
18735,93,10886
18736,91,10319
18737,61,2881
18738,57,1997
18739,66,4027
18740,15,-8542
18741,96,11714
18742,45,-1108
18743,30,-5000
18744,32,-4324
18745,61,2775
18746,40,-2382
18747,54,1209
18748,79,7298
18749,67,4461
18750,89,9824
18751,5,-11178
18752,89,9791
18753,63,3322
18754,81,7914
18755,31,-4593
18756,95,11335
18757,62,3237
18758,46,-865
18759,35,-3581
18760,66,4016
18761,5,-11002
18762,19,-7591
18763,29,-5201
18764,12,-9263
18765,73,5935
18766,98,12205
18767,72,5702
18768,53,891
18769,4,-11344
18770,3,-11666
18771,83,8408
18772,62,3126
18773,57,1803
18774,58,2081
18775,61,2879
18776,76,6645
18777,85,8932
18778,6,-10860
18779,23,-6716
18780,50,16
18781,48,-269
18782,87,9405
18783,67,4403
18784,51,353
18785,60,2722
18786,84,8585
18787,88,9574
18788,85,8960
18789,41,-2233
18790,73,5885
18791,69,4859
18792,38,-2900
18793,60,2549
18794,53,874
18795,70,5123
18796,77,6873
18797,56,1623
18798,17,-8160
18799,22,-6857
18800,41,-2194
18801,16,-8305
18802,58,2026
18803,81,7818
18804,68,4587
18805,51,392
18806,90,10205
18807,42,-1898
18808,46,-828
18809,94,11070
18810,30,-4836
18811,40,-2401
18812,99,12339
18813,89,9972
18814,28,-5377
18815,57,1995
18816,92,10593
18817,21,-7140
18818,13,-9145
18819,11,-9591
18820,94,11210
18821,32,-4340
18822,20,-7357
18823,61,2844
18824,24,-6411
18825,26,-5771
18826,94,11080
18827,93,10872
18828,29,-5198
18829,25,-6097
18830,41,-2093
18831,70,5219
18832,96,11745
18833,57,1955
18834,2,-11940
18835,11,-9530
18836,59,2426
18837,13,-9207
18838,53,898
18839,64,3603
18840,77,6951
18841,80,7542
18842,99,12393
18843,68,4661
18844,20,-7280
18845,76,6562
18846,45,-1188
18847,65,3765
18848,94,11223
18849,15,-8587
18850,61,2916
18851,92,10740
18852,81,7763
18853,80,7678
18854,92,10509
18855,54,1091
18856,86,9157
18857,45,-1229
18858,0,-12392
18859,39,-2518
18860,90,10011
18861,52,692
18862,56,1528
18863,50,5
18864,85,8911
18865,88,9576
18866,46,-833
18867,25,-6153
18868,96,11609
18869,16,-8390
18870,25,-6002
18871,42,-1947
18872,27,-5685
18873,82,8002
18874,12,-9442
18875,67,4377
18876,51,464
18877,35,-3665
18878,83,8437
18879,74,6019
18880,29,-5117
18881,44,-1293
18882,41,-2031
18883,28,-5255
18884,65,3902
18885,30,-4788
18886,86,9210
18887,85,8880
18888,75,6469
18889,63,3418
18890,73,5878
18891,73,5867
18892,44,-1454
18893,75,6307
18894,65,3872
18895,63,3295
18896,81,7975
18897,50,121
18898,43,-1641
18899,53,854
18900,30,-4849
18901,83,8458
18902,46,-803
18903,66,4211
18904,2,-11822
18905,94,11032
18906,81,7853
18907,56,1577
18908,15,-8537
18909,14,-8805
18910,97,11897
18911,91,10470
18912,32,-4500
18913,16,-8460
18914,14,-8850
18915,26,-5829
18916,38,-2987
18917,57,1929
18918,8,-10300
18919,3,-11542
18920,88,9717
18921,45,-1160
18922,28,-5308
18923,20,-7466
18924,67,4336
18925,5,-11228
18926,21,-7100
18927,68,4731
18928,19,-7668
18929,62,3085
18930,8,-10447
18931,73,5965
18932,15,-8744
18933,27,-5733
18934,50,141
18935,56,1747
18936,28,-5394
18937,53,775
18938,74,6148
18939,47,-634
18940,14,-8835
18941,30,-4855
18942,58,2177
18943,32,-4434
18944,97,11868
18945,36,-3423
18946,26,-5875
18947,64,3561
18948,12,-9462
18949,81,7808
18950,93,10857
18951,69,4995
18952,45,-1022
18953,15,-8515
18954,28,-5357
18955,63,3309
18956,77,6909
18957,66,4144
18958,78,7014
18959,72,5523
18960,96,11581
18961,44,-1473
18962,75,6324
18963,51,344
18964,56,1594
18965,74,6215
18966,78,7113
18967,86,9148
18968,76,6556
18969,83,8316
18970,30,-4934
18971,96,11568
18972,47,-732
18973,41,-2047
18974,48,-347
18975,17,-8207
18976,42,-1791
18977,63,3359
18978,72,5598
18979,59,2432
18980,70,5189
18981,34,-3763
18982,72,5687
18983,57,1931
18984,96,11550
18985,38,-2972
18986,79,7333
18987,17,-8245
18988,46,-959
18989,14,-8751
18990,7,-10632
18991,84,8678
18992,95,11287
18993,17,-8143
18994,95,11405
18995,87,9488
18996,43,-1687
18997,61,2997
18998,12,-9456
18999,6,-10752
19000,40,-2360
19001,62,3005
19002,87,9433
19003,81,7786
19004,90,10045
19005,42,-1973
19006,55,1406
19007,67,4459
19008,83,8321
19009,48,-464
19010,26,-5946
19011,20,-7324
19012,12,-9356
19013,69,4947
19014,4,-11423
19015,58,2131
19016,24,-6316
19017,43,-1670
19018,20,-7353
19019,18,-7948
19020,90,10162
19021,44,-1417
19022,99,12317
19023,78,7216
19024,84,8724
19025,50,158
19026,6,-10755
19027,54,1059
19028,92,10538
19029,70,5231
19030,9,-10123
19031,37,-3101
19032,13,-9183
19033,48,-253
19034,54,1158
19035,55,1488
19036,2,-11863
19037,51,473
19038,93,10945
19039,25,-6092
19040,29,-5091
19041,66,4182
19042,41,-2193
19043,15,-8504
19044,98,12163
19045,26,-5850
19046,36,-3277
19047,66,4073
19048,54,1196
19049,26,-5782
19050,63,3255
19051,73,5855
19052,75,6446
19053,29,-5204
19054,12,-9375
19055,66,4107
19056,42,-1969
19057,93,10832
19058,61,2914
19059,37,-3075
19060,54,1115
19061,96,11580
19062,35,-3717
19063,96,11624
19064,49,-214
19065,67,4315
19066,38,-2971
19067,73,5775
19068,65,3852
19069,61,2823
19070,12,-9319
19071,75,6315
19072,94,11047
19073,93,10980
19074,85,8909
19075,52,624
19076,93,10760
19077,72,5617
19078,98,12148
19079,49,-75
19080,66,4006
19081,52,749
19082,33,-4117
19083,42,-1837
19084,96,11643
19085,50,222
19086,1,-12233
19087,82,8238
19088,83,8351
19089,20,-7423
19090,41,-2157
19091,83,8310
19092,55,1362
19093,17,-8041
19094,20,-7260
19095,74,6143
19096,96,11535
19097,74,6230
19098,66,4070
19099,54,1016
19100,19,-7733
19101,71,5493
19102,19,-7697
19103,79,7296
19104,92,10514
19105,98,12122
19106,54,1116
19107,56,1548
19108,95,11376
19109,17,-8141
19110,72,5541
19111,56,1567
19112,45,-1112
19113,96,11602
19114,86,9114
19115,64,3672
19116,79,7415
19117,48,-367
19118,85,8892
19119,90,10176
19120,16,-8330
19121,40,-2291
19122,83,8469
19123,27,-5569
19124,66,4046
19125,50,61
19126,62,3020
19127,97,11812
19128,41,-2120
19129,30,-4844
19130,98,12077
19131,8,-10483
19132,43,-1664
19133,46,-843
19134,72,5573
19135,49,-85
19136,78,7160
19137,7,-10581
19138,5,-11034
19139,43,-1507
19140,33,-4143
19141,55,1343
19142,89,9849
19143,18,-7814
19144,9,-10191
19145,14,-8784
19146,3,-11528
19147,61,2937
19148,61,2971
19149,65,3854
19150,63,3420
19151,63,3311
19152,89,9916
19153,39,-2740
19154,62,3089
19155,78,7222
19156,29,-5109
19157,46,-763
19158,75,6483
19159,63,3479
19160,67,4474
19161,71,5289
19162,60,2736
19163,62,3023
19164,0,-12295
19165,34,-3931
19166,66,4192
19167,72,5731
19168,4,-11452
19169,16,-8322
19170,14,-8973
19171,50,196
19172,72,5632
19173,87,9474
19174,34,-3971
19175,57,1833
19176,31,-4735
19177,32,-4265
19178,72,5667
19179,0,-12421
19180,9,-10121
19181,25,-6225
19182,82,8233
19183,69,4763
19184,82,8199
19185,40,-2461
19186,98,12230
19187,72,5548
19188,86,9087
19189,56,1721
19190,80,7649
19191,39,-2504
19192,90,10072
19193,87,9250
19194,18,-7899
19195,58,2175
19196,85,8961
19197,64,3560
19198,31,-4729
19199,63,3491
19200,96,11688
19201,1,-12160
19202,97,11872
19203,44,-1422
19204,0,-12348
19205,5,-11075
19206,58,2220
19207,62,3035
19208,48,-291
19209,91,10380
19210,74,6241
19211,48,-329
19212,97,11948
19213,73,5939
19214,44,-1410
19215,76,6616
19216,20,-7422
19217,76,6619
19218,69,4940
19219,95,11422
19220,81,7826
19221,46,-866
19222,48,-338
19223,52,536
19224,16,-8471
19225,76,6501
19226,21,-7158
19227,39,-2587
19228,23,-6639
19229,4,-11386
19230,42,-1760
19231,94,11142
19232,5,-11222
19233,81,7942
19234,19,-7634
19235,51,267
19236,89,9955
19237,46,-794
19238,7,-10623
19239,68,4611
19240,56,1651
19241,42,-1945
19242,41,-2123
19243,32,-4312
19244,89,9874
19245,59,2449
19246,59,2418
19247,24,-6283
19248,98,12223
19249,62,3094
19250,64,3601
19251,28,-5447
19252,93,10777
19253,64,3533
19254,71,5351
19255,14,-8892
19256,77,6825
19257,64,3528
19258,81,7870
19259,70,5118
19260,69,4990
19261,53,885
19262,98,12173
19263,36,-3400
19264,34,-3969
19265,73,5790
19266,8,-10279
19267,55,1424
19268,96,11507
19269,8,-10370
19270,15,-8663
19271,85,8898
19272,95,11337
19273,33,-4201
19274,55,1484
19275,31,-4563
19276,94,11178
19277,0,-12493
19278,97,11977
19279,83,8480
19280,28,-5424
19281,40,-2428
19282,2,-11960
19283,33,-4057
19284,2,-11971
19285,77,6990
19286,10,-9791
19287,12,-9484
19288,63,3288
19289,18,-7880
19290,74,6085
19291,22,-6753
19292,90,10039
19293,28,-5499
19294,0,-12322
19295,47,-725
19296,20,-7486
19297,63,3331
19298,81,7932
19299,82,8146
19300,9,-10117
19301,58,2097
19302,85,8888
19303,25,-6019
19304,96,11647
19305,79,7370
19306,14,-8941
19307,78,7018
19308,40,-2449
19309,21,-7223
19310,79,7300
19311,43,-1501
19312,28,-5385
19313,57,1811
19314,12,-9278
19315,73,5919
19316,25,-6164
19317,69,4983
19318,38,-2797
19319,53,800
19320,95,11263
19321,12,-9378
19322,16,-8409
19323,64,3527
19324,66,4062
19325,6,-10851
19326,72,5721
19327,82,8044
19328,41,-2056
19329,50,205
19330,25,-6033
19331,64,3687
19332,67,4321
19333,66,4011
19334,92,10557
19335,77,6755
19336,87,9473
19337,4,-11471
19338,76,6539
19339,42,-1952
19340,10,-9949
19341,64,3696
19342,13,-9125
19343,52,723
19344,23,-6530
19345,68,4723
19346,41,-2230
19347,81,7892
19348,87,9251
19349,29,-5099
19350,10,-9909
19351,82,8202
19352,33,-4033
19353,73,5813
19354,64,3518
19355,64,3567
19356,82,8089
19357,76,6731
19358,62,3247
19359,37,-3009
19360,34,-3876
19361,61,2819
19362,90,10121
19363,2,-11804
19364,88,9653
19365,55,1277
19366,69,4945
19367,93,10962
19368,30,-4982
19369,24,-6463
19370,31,-4703
19371,76,6591
19372,57,1949
19373,13,-9023
19374,22,-6759
19375,3,-11718
19376,24,-6499
19377,14,-8781
19378,12,-9276
19379,65,3785
19380,88,9535
19381,75,6451
19382,91,10406
19383,74,6124
19384,81,7769
19385,45,-1080
19386,42,-1988
19387,49,-135
19388,34,-3761
19389,8,-10405
19390,14,-8996
19391,40,-2435
19392,57,1870
19393,54,1189
19394,21,-7008
19395,86,9068
19396,85,8995
19397,65,3943
19398,23,-6691
19399,49,-194
19400,64,3719
19401,58,2165
19402,68,4508
19403,21,-7011
19404,7,-10719
19405,66,4188
19406,89,9966
19407,69,4849
19408,38,-2895
19409,41,-2215
19410,86,9244
19411,29,-5207
19412,77,6919
19413,80,7512
19414,27,-5683
19415,76,6551
19416,75,6466
19417,42,-1836
19418,2,-11939
19419,14,-8839
19420,75,6372
19421,30,-4922
19422,59,2336
19423,20,-7286
19424,15,-8558
19425,63,3391
19426,5,-11162
19427,74,6103
19428,90,10063
19429,47,-570
19430,97,11913
19431,60,2685
19432,99,12471
19433,44,-1434
19434,21,-7081
19435,62,3176
19436,82,8144
19437,65,3796
19438,17,-8035
19439,67,4457
19440,81,7777
19441,15,-8697
19442,5,-11205
19443,42,-1793
19444,92,10559
19445,75,6431
19446,81,7909
19447,81,7922
19448,63,3459
19449,94,11246
19450,78,7240
19451,65,3944
19452,92,10564
19453,44,-1282
19454,65,3907
19455,73,5931
19456,2,-11924
19457,19,-7596
19458,80,7713
19459,71,5463
19460,80,7581
19461,19,-7548
19462,84,8742
19463,61,2869
19464,28,-5366
19465,42,-1752
19466,65,3900
19467,41,-2107
19468,6,-10816
19469,60,2651
19470,67,4444
19471,65,3869
19472,12,-9464
19473,23,-6547
19474,54,1051
19475,67,4269
19476,31,-4552
19477,4,-11329
19478,84,8593
19479,97,11874
19480,75,6395
19481,97,11904
19482,94,11072
19483,43,-1621
19484,83,8443
19485,20,-7255
19486,80,7656
19487,75,6379
19488,25,-6022
19489,30,-4823
19490,65,3987
19491,37,-3250
19492,90,10005
19493,20,-7288
19494,8,-10348
19495,19,-7635
19496,98,12193
19497,50,160
19498,58,2112
19499,6,-10812
19500,80,7691
19501,51,284
19502,42,-1993
19503,76,6643
19504,92,10568
19505,65,3776
19506,3,-11693
19507,66,4000
19508,53,943
19509,5,-11057
19510,7,-10731
19511,65,3946
19512,68,4706
19513,9,-10147
19514,46,-901
19515,76,6674
19516,78,7075
19517,13,-9123
19518,77,6958
19519,72,5611
19520,54,1131
19521,98,12162
19522,6,-10771
19523,15,-8630
19524,4,-11272
19525,28,-5272
19526,61,2751
19527,72,5737
19528,61,2892
19529,62,3109
19530,16,-8359
19531,71,5300
19532,86,9139
19533,63,3293
19534,8,-10324
19535,97,11832
19536,30,-4882
19537,32,-4263
19538,44,-1343
19539,5,-11025
19540,84,8577
19541,95,11448
19542,44,-1321
19543,6,-10992
19544,20,-7287
19545,80,7616
19546,2,-11930
19547,33,-4220
19548,25,-6183
19549,2,-11874
19550,21,-7226
19551,56,1719
19552,90,10234
19553,71,5257
19554,58,2096
19555,24,-6483
19556,43,-1509
19557,71,5323
19558,81,7896
19559,90,10186
19560,62,3008
19561,79,7362
19562,8,-10397
19563,60,2527
19564,55,1377
19565,77,6868
19566,59,2399
19567,39,-2543
19568,45,-1045
19569,72,5506
19570,84,8568
19571,71,5295
19572,85,8760
19573,6,-10949
19574,76,6692
19575,2,-11771
19576,68,4539
19577,70,5207
19578,56,1724
19579,52,572
19580,99,12323
19581,82,8176
19582,47,-721
19583,60,2667
19584,38,-2928
19585,72,5603
19586,2,-11802
19587,80,7540
19588,50,117
19589,79,7354
19590,65,3795
19591,79,7290
19592,93,10757
19593,19,-7624
19594,58,2169
19595,4,-11431
19596,17,-8109
19597,39,-2642
19598,96,11548
19599,24,-6401
19600,92,10713
19601,18,-7917
19602,99,12497
19603,15,-8578
19604,93,10930
19605,76,6535
19606,64,3507
19607,71,5355
19608,21,-7129
19609,64,3623
19610,46,-836
19611,10,-9903
19612,43,-1601
19613,21,-7068
19614,13,-9180
19615,11,-9592
19616,73,5863
19617,49,-221
19618,78,7229
19619,74,6009
19620,62,3119
19621,48,-268
19622,50,215
19623,65,3813
19624,63,3357
19625,46,-935
19626,95,11472
19627,94,11068
19628,53,855
19629,90,10152
19630,75,6426
19631,54,1110
19632,23,-6655
19633,95,11308
19634,14,-8880
19635,70,5030
19636,3,-11545
19637,31,-4577
19638,9,-10018
19639,6,-10919
19640,75,6459
19641,44,-1450
19642,83,8476
19643,51,453
19644,95,11306
19645,77,6769
19646,96,11509
19647,63,3339
19648,45,-1039
19649,47,-664
19650,1,-12110
19651,54,1128
19652,80,7733
19653,54,1028
19654,53,962
19655,53,892
19656,1,-12161
19657,10,-9884
19658,72,5726
19659,87,9306
19660,79,7299
19661,98,12136
19662,57,1961
19663,37,-3196
19664,3,-11585
19665,64,3748
19666,53,819
19667,29,-5049
19668,33,-4055
19669,43,-1569
19670,9,-10162
19671,76,6651
19672,98,12210
19673,19,-7524
19674,37,-3064
19675,58,2172
19676,54,1070
19677,94,11078
19678,77,6792
19679,41,-2037
19680,90,10136
19681,52,697
19682,69,4882
19683,98,12234
19684,33,-4157
19685,69,4752
19686,29,-5045
19687,57,1800
19688,92,10677
19689,29,-5017
19690,32,-4376
19691,33,-4017
19692,82,8013
19693,20,-7455
19694,4,-11370
19695,21,-7139
19696,6,-10764
19697,75,6290
19698,23,-6648
19699,72,5691
19700,55,1300
19701,66,4033
19702,11,-9603
19703,85,8750
19704,83,8391
19705,53,934
19706,15,-8564
19707,77,6833
19708,11,-9738
19709,71,5358
19710,88,9697
19711,65,3947
19712,66,4063
19713,16,-8404
19714,33,-4028
19715,41,-2154
19716,94,11059
19717,52,611
19718,34,-3771
19719,49,-245
19720,29,-5247
19721,36,-3488
19722,73,5847
19723,49,-18
19724,68,4526
19725,19,-7647
19726,3,-11610
19727,35,-3522
19728,5,-11049
19729,1,-12115
19730,83,8338
19731,74,6167
19732,28,-5299
19733,80,7686
19734,88,9554
19735,42,-1856
19736,70,5088
19737,71,5451
19738,52,609
19739,56,1679
19740,95,11451
19741,88,9732
19742,41,-2161
19743,73,5803
19744,8,-10402
19745,90,10184
19746,59,2358
19747,5,-11175
19748,85,8947
19749,93,10802
19750,46,-913
19751,74,6117
19752,81,7921
19753,37,-3055
19754,46,-854
19755,58,2067
19756,93,10989
19757,72,5579
19758,49,-138
19759,72,5639
19760,45,-1201
19761,69,4856
19762,45,-1209
19763,48,-430
19764,71,5365
19765,95,11456
19766,19,-7631
19767,21,-7006
19768,5,-11164
19769,34,-3907
19770,49,-111
19771,67,4306
19772,29,-5118
19773,59,2351
19774,52,618
19775,74,6044
19776,77,6882
19777,60,2522
19778,45,-1145
19779,64,3697
19780,95,11349
19781,88,9684
19782,46,-911
19783,75,6397
19784,87,9415
19785,71,5286
19786,19,-7501
19787,76,6559
19788,87,9323
19789,30,-4807
19790,93,10965
19791,50,1
19792,94,11145
19793,56,1598
19794,21,-7217
19795,64,3747
19796,81,7985
19797,62,3180
19798,84,8505
19799,25,-6131
19800,95,11286
19801,81,7764
19802,92,10605
19803,7,-10709
19804,8,-10363
19805,7,-10585
19806,59,2269
19807,63,3373
19808,39,-2505
19809,73,5869
19810,75,6425
19811,71,5319
19812,88,9731
19813,8,-10320
19814,4,-11463
19815,46,-782
19816,57,1979
19817,36,-3387
19818,33,-4120
19819,13,-9152
19820,45,-1076
19821,55,1441
19822,65,3952
19823,62,3243
19824,80,7599
19825,77,6816
19826,56,1542
19827,13,-9041
19828,32,-4424
19829,27,-5738
19830,45,-1030
19831,67,4383
19832,83,8376
19833,68,4537
19834,58,2060
19835,59,2287
19836,3,-11685
19837,65,3965
19838,29,-5171
19839,74,6187
19840,94,11175
19841,75,6305
19842,25,-6080
19843,44,-1421
19844,41,-2160
19845,37,-3235
19846,49,-98
19847,62,3227
19848,82,8090
19849,72,5590
19850,68,4533
19851,77,6910
19852,7,-10578
19853,26,-5755
19854,82,8150
19855,13,-9079
19856,24,-6435
19857,42,-1871
19858,79,7365
19859,69,4791
19860,10,-9878
19861,69,4833
19862,40,-2427
19863,58,2200
19864,58,2188
19865,34,-3791
19866,42,-1903
19867,15,-8691
19868,82,8123
19869,98,12090
19870,95,11494
19871,71,5371
19872,15,-8649
19873,24,-6346
19874,59,2455
19875,34,-3757
19876,85,8897
19877,42,-1831
19878,43,-1743
19879,28,-5285
19880,86,9161
19881,6,-10803
19882,4,-11282
19883,63,3253
19884,87,9291
19885,47,-628
19886,81,7966
19887,70,5083
19888,44,-1458
19889,69,4974
19890,56,1540
19891,49,-7
19892,61,2812
19893,83,8432
19894,12,-9432
19895,45,-1125
19896,47,-583
19897,30,-4776
19898,78,7166
19899,46,-909
19900,89,9945
19901,64,3600
19902,24,-6472
19903,95,11326
19904,13,-9039
19905,95,11272
19906,98,12129
19907,3,-11719
19908,2,-11819
19909,16,-8371
19910,21,-7019
19911,92,10638
19912,57,1771
19913,12,-9260
19914,62,3049
19915,65,3975
19916,87,9483
19917,34,-3990
19918,78,7099
19919,76,6703
19920,29,-5114
19921,63,3367
19922,39,-2728
19923,53,835
19924,51,444
19925,25,-6086
19926,37,-3113
19927,80,7532
19928,85,8964
19929,31,-4660
19930,87,9361
19931,93,10888
19932,2,-11994
19933,46,-903
19934,93,10902
19935,2,-11892
19936,80,7519
19937,3,-11577
19938,21,-7115
19939,2,-11790
19940,49,-35
19941,18,-7751
19942,45,-1173
19943,16,-8308
19944,56,1605
19945,43,-1531
19946,80,7622
19947,73,5871
19948,36,-3473
19949,47,-595
19950,59,2378
19951,24,-6425
19952,58,2129
19953,67,4342
19954,14,-8755
19955,38,-2814
19956,55,1305
19957,61,2759
19958,57,1888
19959,46,-801
19960,47,-514
19961,42,-1809
19962,50,164
19963,45,-1044
19964,94,11055
19965,50,173
19966,16,-8455
19967,57,1835
19968,50,24
19969,71,5374
19970,63,3392
19971,94,11124
19972,91,10333
19973,43,-1689
19974,16,-8477
19975,66,4233
19976,31,-4511
19977,7,-10640
19978,72,5722
19979,62,3031
19980,98,12027
19981,58,2083
19982,22,-6756
19983,79,7419
19984,29,-5220
19985,70,5043
19986,32,-4290
19987,47,-702
19988,0,-12314
19989,55,1430
19990,68,4559
19991,57,1973
19992,5,-11137
19993,54,1206
19994,0,-12419
19995,61,2831
19996,84,8579
19997,52,579
19998,13,-9226
19999,79,7255
20000,95,11495
20001,59,2293
20002,84,8532
20003,58,2127
20004,92,10567
20005,92,10748
20006,2,-11867
20007,37,-3023
20008,39,-2716
20009,55,1410
20010,33,-4178
20011,55,1418
20012,34,-3927
20013,52,533
20014,7,-10661
20015,78,7243
20016,84,8719
20017,59,2252
20018,59,2343
20019,16,-8450
20020,42,-1833
20021,56,1560
20022,60,2539
20023,65,3885
20024,95,11351
20025,87,9438
20026,36,-3295
20027,67,4445
20028,74,6059
20029,6,-10998
20030,50,218
20031,24,-6381
20032,69,4942
20033,72,5630
20034,64,3670
20035,64,3597
20036,61,2993
20037,12,-9362
20038,58,2009
20039,72,5676
20040,39,-2719
20041,18,-7762
20042,55,1325
20043,77,6806
20044,90,10139
20045,20,-7295
20046,42,-1756
20047,75,6475
20048,65,3906
20049,22,-6847
20050,81,7953
20051,74,6071
20052,83,8301
20053,19,-7518
20054,17,-8192
20055,75,6275
20056,12,-9459
20057,30,-4879
20058,89,9800
20059,41,-2021
20060,25,-6045
20061,27,-5638
20062,44,-1438
20063,27,-5616
20064,23,-6635
20065,51,423
20066,86,9045
20067,55,1356
20068,29,-5072
20069,40,-2421
20070,65,3921
20071,57,1891
20072,27,-5723
20073,51,437
20074,73,5771
20075,74,6195
20076,23,-6559
20077,34,-3785
20078,37,-3218
20079,43,-1599
20080,22,-6927
20081,78,7237
20082,96,11516
20083,72,5511
20084,38,-2866
20085,14,-9000
20086,90,10069
20087,78,7217
20088,50,116
20089,77,6949
20090,88,9532
20091,22,-6755
20092,94,11099
20093,64,3508
20094,98,12057
20095,46,-811
20096,90,10070
20097,56,1665
20098,38,-2893
20099,67,4498
20100,7,-10627
20101,48,-398
20102,76,6680
20103,62,3234
20104,61,2861
20105,9,-10111
20106,59,2434
20107,53,947
20108,33,-4163
20109,82,8204
20110,89,9977
20111,76,6669
20112,63,3251
20113,96,11604
20114,66,4215
20115,72,5629
20116,92,10584
20117,51,487
20118,17,-8113
20119,56,1573
20120,81,7991
20121,65,3864
20122,68,4712
20123,28,-5431
20124,5,-11177
20125,39,-2513
20126,47,-687
20127,59,2299
20128,8,-10288
20129,24,-6404
20130,58,2099
20131,68,4563
20132,97,11991
20133,10,-9753
20134,37,-3232
20135,67,4470
20136,11,-9581
20137,21,-7085
20138,32,-4274
20139,92,10690
20140,81,7923
20141,48,-372
20142,0,-12258
20143,90,10044
20144,18,-7888
20145,48,-405
20146,85,8957
20147,48,-255
20148,13,-9045
20149,20,-7335
20150,67,4255
20151,79,7497
20152,84,8606
20153,13,-9215
20154,45,-1218
20155,15,-8637
20156,81,7835
20157,7,-10511
20158,73,5776
20159,48,-256
20160,28,-5333
20161,77,6870
20162,46,-953
20163,78,7079
20164,67,4496
20165,46,-765
20166,19,-7693
20167,79,7387
20168,17,-8151
20169,34,-3901
20170,50,42
20171,77,6839
20172,95,11307
20173,89,9860
20174,28,-5389
20175,51,357
20176,60,2558
20177,50,94
20178,38,-2819
20179,78,7110
20180,11,-9729
20181,78,7220
20182,0,-12453
20183,52,711
20184,23,-6652
20185,64,3637
20186,90,10193
20187,76,6639
20188,80,7586
20189,70,5051
20190,89,9896
20191,78,7006
20192,62,3216
20193,77,6871
20194,38,-2986
20195,42,-1768
20196,16,-8499
20197,35,-3524
20198,16,-8493
20199,83,8498
20200,91,10344
20201,21,-7082
20202,0,-12444
20203,16,-8297
20204,89,9787
20205,47,-599
20206,91,10354
20207,59,2459
20208,38,-2848
20209,71,5421
20210,59,2307
20211,57,1837
20212,1,-12003
20213,42,-1921
20214,62,3199
20215,78,7205
20216,32,-4319
20217,5,-11212
20218,25,-6001
20219,2,-11766
20220,95,11429
20221,84,8666
20222,60,2595
20223,66,4105
20224,57,1998
20225,29,-5089
20226,54,1092
20227,64,3579
20228,41,-2101
20229,13,-9137
20230,32,-4336
20231,6,-10837
20232,77,6932
20233,39,-2567
20234,46,-776
20235,91,10296
20236,95,11329
20237,44,-1312
20238,69,4801
20239,50,23
20240,67,4423
20241,17,-8236
20242,2,-11975
20243,32,-4342
20244,70,5247
20245,22,-6923
20246,56,1677
20247,26,-5905
20248,84,8679
20249,49,-81
20250,67,4262
20251,67,4433
20252,0,-12299
20253,68,4748
20254,95,11366
20255,72,5547
20256,72,5705
20257,70,5201
20258,4,-11351
20259,66,4092
20260,5,-11123
20261,35,-3656
20262,34,-3952
20263,78,7013
20264,83,8431
20265,64,3613
20266,47,-630
20267,74,6235
20268,84,8531
20269,64,3514
20270,12,-9450
20271,55,1397
20272,92,10572
20273,57,1925
20274,49,-63
20275,95,11496
20276,39,-2539
20277,23,-6526
20278,79,7379
20279,52,628
20280,85,8767
20281,29,-5105
20282,46,-850
20283,64,3736
20284,30,-4981
20285,39,-2724
20286,75,6332
20287,36,-3289
20288,1,-12017
20289,65,3991
20290,10,-9943
20291,10,-9900
20292,94,11133
20293,57,1827
20294,8,-10472
20295,5,-11033
20296,0,-12339
20297,91,10438
20298,60,2627
20299,2,-11967
20300,98,12235
20301,72,5730
20302,36,-3384
20303,78,7129
20304,73,5948
20305,98,12078
20306,27,-5742
20307,70,5111
20308,29,-5084
20309,77,6804
20310,61,2854
20311,80,7685
20312,18,-7906
20313,34,-3886
20314,11,-9539
20315,82,8226
20316,12,-9369
20317,23,-6647
20318,61,2827
20319,71,5387
20320,74,6181
20321,40,-2324
20322,43,-1527
20323,47,-737
20324,52,590
20325,3,-11614
20326,79,7267
20327,63,3354
20328,52,632
20329,71,5364
20330,70,5192
20331,38,-2755
20332,42,-1829
20333,12,-9335
20334,87,9452
20335,16,-8332
20336,24,-6386
20337,78,7127
20338,56,1647
20339,10,-9813
20340,22,-6974
20341,46,-916
20342,66,4112
20343,21,-7069
20344,7,-10668
20345,47,-701
20346,92,10554
20347,14,-8763
20348,52,699
20349,79,7350
20350,68,4726
20351,16,-8252
20352,98,12198
20353,26,-5802
20354,2,-11941
20355,91,10282
20356,52,630
20357,50,67
20358,53,883
20359,81,7779
20360,72,5724
20361,11,-9683
20362,33,-4093
20363,93,10988
20364,76,6720
20365,58,2192
20366,35,-3702
20367,42,-1758
20368,81,7879
20369,73,5907
20370,64,3517
20371,49,-235
20372,86,9075
20373,49,-59
20374,36,-3462
20375,78,7131
20376,12,-9418
20377,91,10270
20378,25,-6072
20379,98,12068
20380,77,6865
20381,65,3978
20382,25,-6179
20383,79,7418
20384,95,11441
20385,19,-7656
20386,67,4410
20387,29,-5039
20388,19,-7641
20389,18,-7927
20390,34,-3752
20391,62,3217
20392,87,9485
20393,36,-3291
20394,10,-9809
20395,50,235
20396,84,8686
20397,38,-2806
20398,48,-289
20399,29,-5052
20400,24,-6444
20401,17,-8223
20402,10,-9917
20403,98,12000
20404,61,2871
20405,12,-9300
20406,23,-6683
20407,37,-3037
20408,67,4365
20409,14,-8853
20410,37,-3238
20411,81,7839
20412,77,6942
20413,19,-7551
20414,60,2588
20415,37,-3241
20416,45,-1137
20417,40,-2416
20418,49,-51
20419,75,6299
20420,76,6609
20421,9,-10030
20422,71,5251
20423,23,-6664
20424,44,-1263
20425,82,8200
20426,49,-192
20427,52,627
20428,29,-5185
20429,79,7313
20430,68,4515
20431,64,3563
20432,93,10793
20433,40,-2402
20434,16,-8475
20435,16,-8461
20436,94,11001
20437,60,2712
20438,17,-8039
20439,67,4386
20440,39,-2570
20441,38,-2887
20442,21,-7103
20443,99,12282
20444,41,-2079
20445,37,-3043
20446,42,-1754
20447,62,3242
20448,16,-8374
20449,80,7701
20450,74,6092
20451,81,7775
20452,10,-9963
20453,15,-8700
20454,87,9478
20455,41,-2162
20456,37,-3117
20457,62,3191
20458,0,-12457
20459,49,-124
20460,84,8523
20461,44,-1313
20462,75,6265
20463,71,5263
20464,3,-11680
20465,83,8434
20466,58,2170
20467,30,-4991
20468,78,7103
20469,53,875
20470,78,7036
20471,62,3174
20472,31,-4683
20473,81,7945
20474,7,-10596
20475,3,-11679
20476,14,-8997
20477,3,-11555
20478,46,-808
20479,78,7115
20480,44,-1391
20481,53,929
20482,35,-3637
20483,41,-2221
20484,84,8661
20485,92,10724
20486,50,14
20487,41,-2017
20488,58,2094
20489,63,3426
20490,6,-10952
20491,65,3986
20492,29,-5110
20493,59,2360
20494,13,-9189
20495,65,3835
20496,2,-11781
20497,58,2164
20498,14,-8994
20499,66,4005
20500,67,4330
20501,46,-983
20502,10,-9971
20503,22,-6851
20504,46,-943
20505,21,-7216
20506,21,-7029
20507,47,-617
20508,45,-1224
20509,28,-5326
20510,10,-9977
20511,72,5729
20512,67,4491
20513,20,-7482
20514,65,3866
20515,69,4845
20516,10,-9751
20517,80,7647
20518,43,-1679
20519,64,3631
20520,90,10209
20521,19,-7692
20522,76,6566
20523,79,7487
20524,18,-7953
20525,41,-2240
20526,12,-9324
20527,48,-325
20528,42,-1827
20529,77,6933
20530,47,-572
20531,59,2259
20532,83,8320
20533,14,-8802
20534,30,-4854
20535,61,2980
20536,25,-6219
20537,39,-2653
20538,94,11208
20539,6,-10820
20540,99,12361
20541,88,9616
20542,38,-2912
20543,80,7531
20544,76,6667
20545,34,-3936
20546,94,11105
20547,8,-10404
20548,4,-11319
20549,60,2505
20550,7,-10573
20551,80,7665
20552,85,8857
20553,82,8015
20554,0,-12485
20555,61,2898
20556,44,-1347
20557,73,5955
20558,74,6065
20559,72,5599
20560,22,-6839
20561,72,5521
20562,16,-8479
20563,65,3964
20564,11,-9716
20565,22,-6904
20566,27,-5709
20567,50,115
20568,59,2478
20569,77,6969
20570,70,5204
20571,63,3250
20572,73,5817
20573,52,550
20574,81,7875
20575,70,5099
20576,8,-10358
20577,70,5066
20578,14,-8946
20579,67,4454
20580,18,-7950
20581,1,-12158
20582,98,12106
20583,74,6011
20584,83,8383
20585,44,-1315
20586,81,7926
20587,84,8660
20588,98,12107
20589,70,5122
20590,9,-10182
20591,83,8296
20592,50,95
20593,73,5881
20594,5,-11227
20595,81,7863
20596,48,-311
20597,42,-1907
20598,16,-8268
20599,42,-1861
20600,59,2465
20601,43,-1710
20602,80,7529
20603,7,-10711
20604,98,12216
20605,72,5503
20606,91,10457
20607,64,3581
20608,40,-2284
20609,67,4374
20610,89,9909
20611,45,-1037
20612,41,-2159
20613,10,-9879
20614,5,-11131
20615,20,-7254
20616,93,10919
20617,78,7188
20618,50,175
20619,67,4447
20620,99,12283
20621,63,3292
20622,35,-3513
20623,21,-7076
20624,85,8969
20625,58,2084
20626,23,-6521
20627,61,2891
20628,61,2815
20629,57,1937
20630,75,6381
20631,24,-6445
20632,33,-4118
20633,66,4002
20634,78,7140
20635,58,2045
20636,77,6795
20637,51,482
20638,10,-9830
20639,81,7927
20640,38,-2953
20641,2,-11972
20642,85,8864
20643,72,5695
20644,97,11885
20645,73,5995
20646,93,10990
20647,23,-6710
20648,25,-6187
20649,37,-3136
20650,11,-9619
20651,39,-2703
20652,85,8923
20653,13,-9174
20654,62,3043
20655,70,5126
20656,98,12085
20657,80,7692
20658,56,1501
20659,67,4291
20660,92,10570
20661,58,2161
20662,66,4091
20663,66,4235
20664,5,-11239
20665,19,-7743
20666,20,-7427
20667,60,2621
20668,26,-5808
20669,37,-3078
20670,71,5288
20671,80,7675
20672,85,8866
20673,74,6115
20674,30,-4884
20675,54,1029
20676,95,11471
20677,15,-8679
20678,59,2300
20679,67,4387
20680,40,-2252
20681,35,-3745
20682,38,-2952
20683,48,-448
20684,34,-3879
20685,65,3969
20686,92,10664
20687,24,-6348
20688,30,-4906
20689,77,6976
20690,27,-5503
20691,0,-12365
20692,89,9793
20693,18,-7942
20694,27,-5682
20695,15,-8622
20696,82,8025
20697,95,11452
20698,97,11960
20699,77,6794
20700,85,8826
20701,83,8420
20702,76,6611
20703,15,-8661
20704,50,201
20705,59,2433
20706,79,7355
20707,55,1367
20708,43,-1675
20709,71,5315
20710,69,4988
20711,73,5819
20712,91,10327
20713,96,11732
20714,13,-9055
20715,39,-2521
20716,87,9497
20717,29,-5106
20718,58,2106
20719,46,-900
20720,94,11093
20721,18,-7993
20722,4,-11415
20723,73,5959
20724,75,6447
20725,30,-4840
20726,43,-1616
20727,15,-8612
20728,0,-12425
20729,22,-6804
20730,8,-10335
20731,95,11442
20732,90,10243
20733,28,-5251
20734,56,1717
20735,81,7979
20736,79,7460
20737,73,5798
20738,64,3530
20739,48,-392
20740,11,-9621
20741,78,7083
20742,21,-7093
20743,88,9536
20744,53,785
20745,53,925
20746,62,3021
20747,4,-11384
20748,31,-4515
20749,39,-2694
20750,39,-2744
20751,84,8554
20752,81,7919
20753,99,12340
20754,52,551
20755,50,211
20756,64,3521
20757,53,782
20758,48,-413
20759,37,-3102
20760,82,8029
20761,75,6330
20762,81,7823
20763,80,7699
20764,93,10768
20765,76,6640
20766,49,-172
20767,80,7595
20768,88,9585
20769,79,7458
20770,92,10749
20771,50,183
20772,86,9204
20773,18,-7828
20774,93,10913
20775,44,-1257
20776,2,-11927
20777,13,-9200
20778,4,-11447
20779,66,4127
20780,85,8983
20781,39,-2577
20782,63,3421
20783,72,5549
20784,62,3201
20785,68,4727
20786,2,-11792
20787,50,219
20788,3,-11525
20789,49,-179
20790,91,10417
20791,73,5873
20792,96,11735
20793,28,-5464
20794,66,4154
20795,62,3220
20796,56,1539
20797,7,-10633
20798,74,6079
20799,29,-5041
20800,31,-4700
20801,51,265
20802,87,9373
20803,84,8566
20804,95,11411
20805,5,-11250
20806,46,-893
20807,4,-11493
20808,50,3
20809,39,-2508
20810,76,6642
20811,82,8095
20812,20,-7344
20813,69,4936
20814,58,2125
20815,70,5002
20816,23,-6737
20817,37,-3092
20818,33,-4123
20819,80,7702
20820,24,-6376
20821,40,-2460
20822,70,5202
20823,69,4913
20824,68,4672
20825,22,-6776
20826,86,9117
20827,98,12008
20828,82,8032
20829,39,-2688
20830,10,-9913
20831,82,8213
20832,93,10829
20833,78,7045
20834,89,9949
20835,69,4839
20836,90,10115
20837,33,-4161
20838,85,8978
20839,29,-5069
20840,90,10135
20841,36,-3390
20842,10,-9857
20843,87,9270
20844,56,1713
20845,37,-3015
20846,84,8590
20847,95,11380
20848,91,10454
20849,19,-7565
20850,68,4653
20851,46,-970
20852,92,10736
20853,53,829
20854,23,-6689
20855,43,-1502
20856,85,8912
20857,44,-1353
20858,61,2917
20859,60,2555
20860,97,11875
20861,10,-9956
20862,78,7012
20863,49,-246
20864,98,12093
20865,23,-6650
20866,61,2981
20867,75,6355
20868,94,11103
20869,61,2856
20870,29,-5090
20871,13,-9102
20872,34,-3961
20873,39,-2591
20874,91,10412
20875,62,3075
20876,87,9419
20877,40,-2319
20878,23,-6584
20879,96,11608
20880,63,3300
20881,38,-2772
20882,4,-11362
20883,29,-5172
20884,18,-7781
20885,49,-46
20886,29,-5206
20887,66,4099
20888,7,-10717
20889,99,12400
20890,55,1370
20891,52,566
20892,91,10359
20893,53,990
20894,94,11038
20895,64,3583
20896,89,9967
20897,50,79
20898,26,-5780
20899,51,282
20900,89,9892
20901,37,-3157
20902,39,-2583
20903,83,8299
20904,52,641
20905,57,1792
20906,6,-10961
20907,82,8159
20908,93,10755
20909,42,-1965
20910,73,5901
20911,39,-2588
20912,5,-11130
20913,59,2366
20914,73,5839
20915,71,5391
20916,48,-251
20917,18,-7831
20918,68,4605
20919,75,6489
20920,98,12184
20921,71,5489
20922,21,-7202
20923,29,-5097
20924,98,12012
20925,16,-8319
20926,17,-8093
20927,72,5704
20928,99,12313
20929,41,-2225
20930,30,-4754
20931,52,582
20932,14,-8879
20933,58,2243
20934,12,-9328
20935,61,2935
20936,95,11279
20937,96,11542
20938,2,-11894
20939,59,2403
20940,56,1511
20941,21,-7144
20942,60,2525
20943,78,7043
20944,53,754
20945,35,-3691
20946,71,5253
20947,63,3465
20948,2,-11856
20949,46,-949
20950,15,-8714
20951,19,-7600
20952,70,5186
20953,7,-10512
20954,81,7759
20955,75,6350
20956,59,2431
20957,66,4156
20958,27,-5659
20959,77,6891
20960,28,-5318
20961,12,-9337
20962,40,-2338
20963,3,-11550
20964,79,7319
20965,48,-491
20966,94,11037
20967,98,12138
20968,19,-7681
20969,73,5964
20970,23,-6682
20971,87,9344
20972,46,-819
20973,83,8375
20974,76,6748
20975,99,12468
20976,19,-7657
20977,42,-1864
20978,97,11888
20979,64,3627
20980,69,4923
20981,58,2196
20982,75,6278
20983,51,269
20984,32,-4366
20985,79,7344
20986,52,745
20987,68,4739
20988,27,-5603
20989,37,-3188
20990,34,-3768
20991,77,6827
20992,79,7445
20993,79,7382
20994,96,11562
20995,22,-6921
20996,93,10825
20997,24,-6312
20998,11,-9668
20999,63,3485
21000,30,-4835
21001,63,3315
21002,64,3741
21003,83,8494
21004,78,7057
21005,65,3988
21006,34,-3772
21007,54,1099
21008,74,6020
21009,81,7974
21010,11,-9524
21011,36,-3301
21012,55,1489
21013,82,8106
21014,97,11902
21015,81,7820
21016,12,-9305
21017,36,-3303
21018,27,-5580
21019,25,-6030
21020,97,11987
21021,83,8326
21022,64,3725
21023,74,6130
21024,50,249
21025,69,4879
21026,86,9234
21027,40,-2389
21028,9,-10006
21029,82,8012
21030,78,7203
21031,28,-5466
21032,55,1389
21033,66,4077
21034,94,11186
21035,64,3720
21036,23,-6669
21037,57,1963
21038,47,-548
21039,67,4415
21040,2,-11938
21041,34,-3891
21042,64,3731
21043,32,-4317
21044,60,2617
21045,73,5845
21046,23,-6506
21047,71,5475
21048,8,-10406
21049,97,11804
21050,21,-7131
21051,6,-10957
21052,20,-7320
21053,90,10142
21054,66,4171
21055,71,5483
21056,55,1348
21057,48,-432
21058,27,-5553
21059,78,7069
21060,42,-1918
21061,2,-12000
21062,47,-709
21063,69,4837
21064,57,1779
21065,83,8399
21066,75,6499
21067,47,-749
21068,33,-4139
21069,68,4695
21070,34,-3962
21071,76,6527
21072,99,12373
21073,43,-1555
21074,10,-9958
21075,52,559
21076,91,10415
21077,55,1375
21078,32,-4256
21079,6,-10761
21080,13,-9120
21081,31,-4620
21082,44,-1256
21083,65,3934
21084,74,6144
21085,20,-7391
21086,88,9621
21087,79,7347
21088,21,-7211
21089,50,191
21090,45,-1242
21091,71,5400
21092,31,-4709
21093,81,7854
21094,14,-8756
21095,73,5795
21096,81,7935
21097,49,-127
21098,13,-9081
21099,70,5069
21100,77,6761
21101,63,3374
21102,45,-1163
21103,54,1073
21104,87,9302
21105,58,2201
21106,1,-12066
21107,21,-7021
21108,0,-12390
21109,77,6831
21110,59,2323
21111,62,3047
21112,74,6190
21113,95,11328
21114,93,10869
21115,6,-10813
21116,80,7501
21117,1,-12064
21118,28,-5304
21119,64,3650
21120,23,-6726
21121,21,-7157
21122,53,994
21123,28,-5320
21124,47,-622
21125,56,1583
21126,84,8689
21127,81,7847
21128,34,-3944
21129,87,9322
21130,84,8704
21131,64,3628
21132,91,10475
21133,76,6663
21134,60,2516
21135,65,3979
21136,96,11536
21137,60,2671
21138,31,-4600
21139,33,-4140
21140,13,-9109
21141,27,-5535
21142,39,-2723
21143,51,347
21144,8,-10280
21145,77,6883
21146,98,12201
21147,56,1655
21148,64,3503
21149,84,8698
21150,54,1193
21151,61,2947
21152,51,270
21153,26,-5853
21154,94,11053
21155,77,6955
21156,50,40
21157,26,-5951
21158,12,-9376
21159,57,1764
21160,0,-12269
21161,84,8519
21162,76,6542
21163,96,11710
21164,57,1817
21165,57,1879
21166,78,7209
21167,67,4364
21168,78,7004
21169,50,31
21170,68,4655
21171,63,3452
21172,87,9399
21173,9,-10216
21174,0,-12475
21175,80,7547
21176,97,11805
21177,67,4359
21178,46,-997
21179,17,-8033
21180,68,4676
21181,72,5677
21182,92,10532
21183,84,8619
21184,96,11605
21185,62,3141
21186,93,10936
21187,35,-3582
21188,1,-12142
21189,22,-6868
21190,71,5397
21191,78,7019
21192,56,1718
21193,17,-8070
21194,91,10256
21195,44,-1361
21196,44,-1318
21197,37,-3126
21198,83,8345
21199,19,-7554
21200,96,11575
21201,11,-9650
21202,53,969
21203,7,-10599
21204,85,8963
21205,77,6857
21206,87,9341
21207,8,-10312
21208,11,-9618
21209,43,-1624
21210,20,-7472
21211,67,4389
21212,84,8533
21213,12,-9443
21214,45,-1153
21215,77,6838
21216,13,-9098
21217,83,8396
21218,38,-2916
21219,18,-7855
21220,58,2159
21221,84,8714
21222,64,3553
21223,10,-9988
21224,24,-6364
21225,83,8435
21226,95,11302
21227,73,5971
21228,88,9720
21229,3,-11541
21230,49,-68
21231,74,6034
21232,89,9999
21233,80,7556
21234,63,3297
21235,79,7281
21236,1,-12099
21237,68,4561
21238,63,3394
21239,76,6635
21240,39,-2559
21241,91,10352
21242,15,-8512
21243,33,-4106
21244,93,10880
21245,72,5534
21246,14,-8888
21247,92,10658
21248,29,-5014
21249,22,-6760
21250,39,-2628
21251,18,-7766
21252,1,-12116
21253,91,10338
21254,35,-3573
21255,82,8179
21256,28,-5398
21257,92,10714
21258,35,-3749
21259,37,-3091
21260,34,-3776
21261,65,3891
21262,16,-8273
21263,64,3690
21264,66,4212
21265,0,-12276
21266,58,2100
21267,10,-9855
21268,50,186
21269,2,-11789
21270,20,-7385
21271,79,7398
21272,43,-1553
21273,52,576
21274,54,1178
21275,78,7183
21276,92,10601
21277,8,-10424
21278,55,1279
21279,69,4903
21280,56,1621
21281,38,-2815
21282,65,3771
21283,14,-8831
21284,91,10401
21285,67,4367
21286,39,-2612
21287,97,11796
21288,57,1948
21289,58,2145
21290,77,6754
21291,58,2049
21292,96,11723
21293,58,2228
21294,11,-9601
21295,89,9952
21296,93,10941
21297,8,-10330
21298,16,-8383
21299,85,8776
21300,20,-7272
21301,59,2291
21302,19,-7660
21303,4,-11388
21304,14,-8907
21305,10,-9802
21306,95,11333
21307,37,-3025
21308,17,-8213
21309,30,-4913
21310,69,4863
21311,75,6391
21312,90,10130
21313,70,5160
21314,93,10805
21315,74,6217
21316,17,-8193
21317,79,7467
21318,75,6311
21319,20,-7492
21320,81,7772
21321,75,6476
21322,8,-10278
21323,67,4351
21324,5,-11113
21325,15,-8530
21326,91,10416
21327,68,4747
21328,36,-3343
21329,70,5010
21330,57,1825
21331,58,2199
21332,91,10387
21333,21,-7218
21334,39,-2702
21335,86,9076
21336,73,5842
21337,16,-8467
21338,3,-11651
21339,74,6105
21340,59,2489
21341,3,-11634
21342,47,-718
21343,21,-7227
21344,84,8699
21345,23,-6558
21346,53,873
21347,78,7195
21348,77,6975
21349,12,-9448
21350,28,-5446
21351,53,915
21352,29,-5128
21353,49,-191
21354,73,5837
21355,86,9100
21356,6,-10946
21357,37,-3246
21358,93,10754
21359,70,5035
21360,71,5394
21361,66,4181
21362,75,6491
21363,74,6067
21364,11,-9628
21365,65,3793
21366,37,-3112
21367,41,-2149
21368,14,-8765
21369,52,504
21370,55,1352
21371,76,6719
21372,0,-12438
21373,41,-2239
21374,71,5410
21375,82,8027
21376,48,-306
21377,84,8513
21378,4,-11294
21379,63,3321
21380,70,5141
21381,59,2379
21382,88,9657
21383,85,8859
21384,17,-8114
21385,86,9060
21386,59,2384
21387,17,-8166
21388,92,10531
21389,66,4155
21390,66,4065
21391,19,-7710
21392,60,2729
21393,72,5685
21394,3,-11509
21395,24,-6390
21396,21,-7030
21397,25,-6024
21398,64,3739
21399,26,-5917
21400,36,-3465
21401,73,5856
21402,15,-8750
21403,30,-4958
21404,38,-2810
21405,24,-6403
21406,60,2556
21407,72,5709
21408,41,-2092
21409,8,-10468
21410,69,4875
21411,40,-2496
21412,85,8935
21413,94,11228
21414,82,8230
21415,44,-1271
21416,74,6096
21417,78,7218
21418,86,9176
21419,42,-1935
21420,35,-3653
21421,44,-1328
21422,84,8563
21423,42,-1933
21424,15,-8657
21425,20,-7331
21426,6,-10996
21427,74,6223
21428,50,85
21429,80,7615
21430,23,-6551
21431,49,-141
21432,20,-7329
21433,96,11682
21434,62,3134
21435,14,-8830
21436,0,-12255
21437,71,5273
21438,61,2873
21439,63,3263
21440,32,-4352
21441,77,6993
21442,99,12288
21443,92,10542
21444,26,-5976
21445,30,-4761
21446,37,-3229
21447,39,-2601
21448,40,-2361
21449,4,-11428
21450,69,4769
21451,74,6027
21452,18,-7991
21453,44,-1371
21454,44,-1452
21455,99,12418
21456,31,-4503
21457,56,1690
21458,93,10849
21459,63,3483
21460,41,-2066
21461,79,7375
21462,21,-7210
21463,15,-8510
21464,71,5366
21465,66,4189
21466,70,5150
21467,5,-11056
21468,53,897
21469,9,-10148
21470,8,-10496
21471,56,1659
21472,31,-4535
21473,68,4737
21474,1,-12223
21475,21,-7026
21476,12,-9414
21477,68,4665
21478,39,-2714
21479,32,-4437
21480,90,10097
21481,12,-9435
21482,37,-3198
21483,0,-12301
21484,98,12187
21485,57,1809
21486,39,-2705
21487,56,1657
21488,28,-5402
21489,38,-2991
21490,14,-8984
21491,38,-2841
21492,8,-10463
21493,64,3622
21494,94,11168
21495,84,8687
21496,28,-5346
21497,87,9274
21498,11,-9629
21499,26,-5788
21500,11,-9555
21501,84,8538
21502,10,-9842
21503,85,8817
21504,88,9711
21505,49,-225
21506,27,-5691
21507,75,6471
21508,55,1396
21509,57,1917
21510,92,10737
21511,44,-1341
21512,38,-2776
21513,26,-5837
21514,37,-3208
21515,89,9884
21516,90,10103
21517,1,-12147
21518,64,3554
21519,24,-6339
21520,57,1944
21521,84,8673
21522,84,8571
21523,53,903
21524,25,-6016
21525,83,8404
21526,49,-233
21527,57,1904
21528,4,-11383
21529,40,-2393
21530,99,12281
21531,58,2237
21532,91,10348
21533,4,-11482
21534,94,11216
21535,84,8715
21536,5,-11172
21537,79,7363
21538,17,-8101
21539,28,-5413
21540,88,9633
21541,51,465
21542,87,9389
21543,78,7061
21544,16,-8422
21545,1,-12027
21546,18,-7914
21547,34,-3986
21548,44,-1419
21549,48,-467
21550,47,-673
21551,57,1795
21552,78,7062
21553,2,-11754
21554,31,-4745
21555,52,729
21556,20,-7346
21557,76,6618
21558,49,-249
21559,57,1775
21560,80,7562
21561,50,207
21562,95,11469
21563,51,362
21564,2,-11834
21565,44,-1497
21566,61,2919
21567,35,-3561
21568,81,7860
21569,53,864
21570,15,-8505
21571,36,-3309
21572,61,2805
21573,46,-837
21574,11,-9657
21575,84,8509
21576,67,4463
21577,39,-2584
21578,69,4817
21579,4,-11368
21580,49,-32
21581,46,-880
21582,80,7634
21583,78,7003
21584,69,4789
21585,61,2817
21586,20,-7489
21587,39,-2537
21588,50,210
21589,69,4877
21590,4,-11375
21591,50,55
21592,15,-8601
21593,21,-7201
21594,12,-9397
21595,63,3433
21596,64,3510
21597,7,-10568
21598,94,11129
21599,84,8711
21600,40,-2404
21601,41,-2057
21602,72,5727
21603,60,2709
21604,18,-7921
21605,16,-8264
21606,99,12309
21607,37,-3110
21608,16,-8272
21609,5,-11096
21610,85,8876
21611,80,7671
21612,95,11493
21613,75,6333
21614,66,4231
21615,9,-10187
21616,28,-5294
21617,87,9382
21618,58,2068
21619,65,3923
21620,61,2773
21621,71,5389
21622,34,-3924
21623,72,5559
21624,88,9601
21625,23,-6533
21626,21,-7153
21627,81,7931
21628,95,11439
21629,61,2925
21630,29,-5107
21631,76,6523
21632,74,6147
21633,76,6694
21634,91,10473
21635,81,7825
21636,24,-6402
21637,27,-5545
21638,60,2519
21639,83,8267
21640,39,-2730
21641,82,8109
21642,18,-7780
21643,77,6771
21644,99,12336
21645,27,-5696
21646,71,5485
21647,85,8754
21648,74,6043
21649,2,-11773
21650,44,-1412
21651,44,-1291
21652,74,6165
21653,59,2271
21654,84,8725
21655,80,7588
21656,0,-12329
21657,73,5983
21658,79,7276
21659,78,7191
21660,77,6998
21661,77,6842
21662,43,-1684
21663,75,6411
21664,33,-4091
21665,12,-9423
21666,73,5887
21667,52,521
21668,88,9507
21669,70,5039
21670,89,9854
21671,26,-5900
21672,90,10085
21673,7,-10679
21674,18,-7973
21675,71,5487
21676,95,11393
21677,46,-899
21678,60,2609
21679,8,-10485
21680,8,-10262
21681,90,10134
21682,48,-403
21683,31,-4531
21684,96,11566
21685,37,-3176
21686,36,-3272
21687,93,10932
21688,49,-228
21689,59,2438
21690,17,-8243
21691,78,7130
21692,9,-10041
21693,42,-1926
21694,19,-7676
21695,79,7403
21696,8,-10366
21697,79,7438
21698,94,11062
21699,77,6787
21700,3,-11747
21701,2,-11828
21702,69,4758
21703,50,231
21704,78,7073
21705,50,213
21706,21,-7060
21707,92,10502
21708,3,-11586
21709,77,6862
21710,96,11561
21711,58,2142
21712,73,5831
21713,79,7397
21714,54,1097
21715,81,7755
21716,39,-2507
21717,54,1104
21718,27,-5651
21719,71,5435
21720,92,10687
21721,6,-10953
21722,28,-5379
21723,62,3015
21724,95,11479
21725,80,7645
21726,41,-2248
21727,83,8395
21728,59,2308
21729,58,2176
21730,23,-6588
21731,80,7528
21732,87,9491
21733,71,5322
21734,12,-9496
21735,92,10734
21736,84,8737
21737,10,-9948
21738,82,8135
21739,81,7859
21740,97,11995
21741,61,2754
21742,50,6
21743,74,6083
21744,76,6710
21745,52,538
21746,15,-8712
21747,67,4483
21748,32,-4326
21749,79,7323
21750,96,11642
21751,52,555
21752,60,2740
21753,48,-313
21754,9,-10226
21755,63,3289
21756,49,-241
21757,12,-9341
21758,27,-5702
21759,86,9231
21760,35,-3553
21761,49,-187
21762,89,9750
21763,11,-9667
21764,68,4562
21765,96,11510
21766,44,-1261
21767,83,8467
21768,54,1216
21769,15,-8745
21770,22,-6899
21771,72,5644
21772,59,2350
21773,68,4624
21774,77,6759
21775,50,147
21776,16,-8436
21777,80,7624
21778,3,-11741
21779,16,-8414
21780,79,7429
21781,46,-809
21782,92,10513
21783,69,4915
21784,81,7761
21785,83,8451
21786,12,-9468
21787,98,12130
21788,94,11077
21789,39,-2600
21790,32,-4268
21791,92,10536
21792,99,12364
21793,57,1933
21794,82,8228
21795,24,-6326
21796,4,-11339
21797,51,469
21798,68,4660
21799,53,825
21800,76,6662
21801,69,4899
21802,79,7383
21803,67,4429
21804,40,-2314
21805,53,757
21806,61,2813
21807,23,-6583
21808,79,7317
21809,41,-2075
21810,21,-7222
21811,76,6521
21812,98,12109
21813,67,4338
21814,34,-3819
21815,5,-11093
21816,53,995
21817,27,-5711
21818,43,-1738
21819,75,6375
21820,99,12307
21821,18,-7919
21822,16,-8362
21823,77,6952
21824,8,-10427
21825,80,7585
21826,69,4912
21827,75,6443
21828,54,1148
21829,40,-2316
21830,76,6647
21831,32,-4453
21832,93,10951
21833,9,-10035
21834,27,-5737
21835,21,-7150
21836,93,10971
21837,65,3833
21838,41,-2001
21839,82,8139
21840,44,-1429
21841,36,-3290
21842,72,5684
21843,79,7395
21844,2,-11768
21845,81,7929
21846,35,-3714
21847,31,-4507
21848,27,-5571
21849,68,4627
21850,40,-2391
21851,93,10924
21852,4,-11358
21853,48,-334
21854,0,-12320
21855,99,12458
21856,67,4296
21857,98,12066
21858,67,4275
21859,68,4709
21860,47,-586
21861,60,2725
21862,75,6312
21863,63,3377
21864,63,3279
21865,44,-1311
21866,96,11616
21867,16,-8464
21868,5,-11071
21869,69,4961
21870,55,1456
21871,77,6983
21872,58,2033
21873,90,10122
21874,19,-7679
21875,66,4071
21876,78,7102
21877,50,243
21878,22,-6835
21879,70,5038
21880,20,-7263
21881,17,-8222
21882,60,2599
21883,77,6775
21884,93,10944
21885,9,-10051
21886,73,5952
21887,62,3179
21888,97,11943
21889,28,-5351
21890,42,-1815
21891,72,5583
21892,95,11359
21893,67,4334
21894,50,22
21895,24,-6383
21896,26,-5863
21897,59,2383
21898,96,11505
21899,27,-5669
21900,78,7105
21901,79,7322
21902,62,3087
21903,86,9214
21904,23,-6611
21905,17,-8077
21906,84,8576
21907,41,-2019
21908,96,11511
21909,77,6854
21910,6,-10887
21911,55,1321
21912,19,-7530
21913,18,-7889
21914,57,1894
21915,81,7881
21916,44,-1284
21917,59,2301
21918,3,-11728
21919,61,2982
21920,96,11727
21921,31,-4513
21922,62,3057
21923,6,-10751
21924,11,-9570
21925,68,4597
21926,7,-10732
21927,16,-8495
21928,5,-11044
21929,38,-2839
21930,85,8926
21931,94,11048
21932,59,2385
21933,0,-12378
21934,97,11996
21935,65,3825
21936,88,9625
21937,91,10374
21938,36,-3335
21939,19,-7702
21940,43,-1629
21941,7,-10519
21942,37,-3057
21943,13,-9192
21944,45,-1221
21945,42,-1804
21946,91,10254
21947,69,4755
21948,25,-6104
21949,81,7997
21950,79,7410
21951,73,5963
21952,27,-5524
21953,9,-10134
21954,4,-11310
21955,58,2085
21956,6,-10936
21957,64,3512
21958,80,7705
21959,68,4652
21960,87,9365
21961,50,66
21962,2,-11775
21963,38,-2801
21964,58,2012
21965,53,945
21966,19,-7630
21967,75,6273
21968,39,-2679
21969,9,-10095
21970,32,-4301
21971,75,6387
21972,41,-2119
21973,23,-6681
21974,55,1281
21975,72,5651
21976,86,9099
21977,36,-3391
21978,18,-7847
21979,36,-3365
21980,61,2820
21981,74,6003
21982,15,-8644
21983,86,9015
21984,20,-7267
21985,30,-4983
21986,9,-10098
21987,96,11722
21988,99,12327
21989,66,4246
21990,31,-4588
21991,80,7601
21992,98,12215
21993,82,8020
21994,26,-5935
21995,56,1581
21996,93,10909
21997,63,3277
21998,12,-9482
21999,14,-8764
22000,31,-4632
22001,38,-2899
22002,35,-3674
22003,76,6682
22004,5,-11147
22005,68,4654
22006,93,10813
22007,80,7549
22008,59,2401
22009,26,-5762
22010,77,6901
22011,29,-5082
22012,70,5044
22013,41,-2158
22014,75,6262
22015,82,8235
22016,78,7090
22017,89,9812
22018,99,12452
22019,22,-6929
22020,55,1446
22021,98,12070
22022,89,9905
22023,54,1082
22024,85,8844
22025,67,4404
22026,17,-8008
22027,61,2899
22028,21,-7132
22029,57,1766
22030,92,10673
22031,25,-6228
22032,60,2500
22033,59,2477
22034,36,-3389
22035,26,-5909
22036,90,10099
22037,38,-2921
22038,7,-10569
22039,55,1361
22040,88,9686
22041,99,12498
22042,70,5110
22043,88,9698
22044,41,-2091
22045,68,4707
22046,22,-6837
22047,77,6907
22048,98,12117
22049,31,-4604
22050,90,10021
22051,57,1849
22052,0,-12477
22053,64,3671
22054,28,-5269
22055,27,-5541
22056,8,-10430
22057,91,10298
22058,52,675
22059,70,5028
22060,44,-1437
22061,47,-579
22062,25,-6070
22063,51,489
22064,44,-1345
22065,94,11230
22066,87,9421
22067,10,-9973
22068,47,-691
22069,88,9602
22070,96,11705
22071,80,7523
22072,40,-2413
22073,47,-707
22074,96,11577
22075,66,4183
22076,66,4238
22077,63,3273
22078,86,9065
22079,51,286
22080,7,-10556
22081,77,6813
22082,3,-11691
22083,43,-1688
22084,54,1223
22085,48,-274
22086,66,4019
22087,6,-10928
22088,58,2044
22089,72,5602
22090,2,-11929
22091,85,8807
22092,43,-1702
22093,61,2789
22094,70,5149
22095,49,-117
22096,38,-2812
22097,35,-3675
22098,66,4248
22099,15,-8654
22100,2,-11860
22101,41,-2088
22102,35,-3713
22103,72,5551
22104,11,-9512
22105,57,1884
22106,34,-3994
22107,31,-4714
22108,77,6791
22109,35,-3562
22110,73,5751
22111,53,767
22112,62,3190
22113,89,9900
22114,14,-8840
22115,21,-7111
22116,26,-5756
22117,85,8789
22118,66,4049
22119,32,-4361
22120,3,-11688
22121,33,-4038
22122,39,-2691
22123,15,-8506
22124,53,788
22125,17,-8012
22126,90,10248
22127,72,5697
22128,24,-6475
22129,45,-1114
22130,36,-3459
22131,77,6946
22132,50,53
22133,63,3457
22134,24,-6468
22135,88,9539
22136,90,10242
22137,54,1140
22138,98,12022
22139,35,-3546
22140,13,-9101
22141,84,8629
22142,9,-10141
22143,65,3938
22144,31,-4651
22145,76,6524
22146,17,-8003
22147,82,8007
22148,35,-3700
22149,64,3509
22150,12,-9473
22151,16,-8431
22152,19,-7529
22153,74,6119
22154,15,-8664
22155,56,1729
22156,94,11193
22157,9,-10229
22158,9,-10086
22159,55,1330
22160,26,-5792
22161,35,-3621
22162,24,-6325
22163,18,-7803
22164,94,11189
22165,76,6739
22166,34,-3922
22167,1,-12138
22168,13,-9031
22169,32,-4284
22170,39,-2646
22171,9,-10091
22172,94,11119
22173,83,8386
22174,36,-3329
22175,83,8483
22176,43,-1677
22177,7,-10597
22178,7,-10664
22179,70,5059
22180,75,6441
22181,85,8811
22182,87,9493
22183,73,5947
22184,39,-2534
22185,76,6673
22186,49,-237
22187,85,8793
22188,66,4174
22189,26,-5809
22190,64,3576
22191,83,8407
22192,9,-10055
22193,95,11462
22194,76,6607
22195,86,9016
22196,28,-5493
22197,36,-3426
22198,70,5031
22199,80,7539
22200,26,-5952
22201,48,-337
22202,98,12214
22203,50,163
22204,28,-5322
22205,75,6367
22206,15,-8701
22207,67,4369
22208,96,11656
22209,83,8439
22210,99,12285
22211,15,-8708
22212,75,6479
22213,23,-6721
22214,60,2628
22215,71,5464
22216,27,-5589
22217,24,-6257
22218,40,-2454
22219,81,7911
22220,3,-11659
22221,21,-7128
22222,8,-10396
22223,99,12298
22224,20,-7430
22225,85,8917
22226,48,-321
22227,17,-8105
22228,44,-1322
22229,13,-9083
22230,34,-3769
22231,86,9151
22232,43,-1523
22233,5,-11003
22234,44,-1298
22235,85,8782
22236,91,10297
22237,70,5119
22238,79,7306
22239,54,1067
22240,34,-3938
22241,78,7165
22242,33,-4171
22243,64,3657
22244,12,-9399
22245,34,-3767
22246,67,4363
22247,78,7059
22248,7,-10593
22249,2,-11995
22250,32,-4417
22251,73,5979
22252,54,1142
22253,39,-2581
22254,77,6765
22255,73,5851
22256,82,8185
22257,94,11116
22258,97,11989
22259,0,-12256
22260,41,-2086
22261,46,-897
22262,67,4270
22263,75,6303
22264,42,-1813
22265,7,-10663
22266,94,11100
22267,98,12020
22268,67,4489
22269,76,6717
22270,75,6480
22271,86,9115
22272,80,7614
22273,26,-5993
22274,61,2818
22275,64,3684
22276,42,-1966
22277,73,5953
22278,43,-1694
22279,72,5524
22280,85,8992
22281,89,9980
22282,69,4894
22283,59,2279
22284,93,10851
22285,26,-5791
22286,84,8604
22287,3,-11643
22288,24,-6409
22289,4,-11412
22290,25,-6077
22291,99,12380
22292,93,10903
22293,97,11942
22294,37,-3214
22295,70,5191
22296,68,4567
22297,6,-10890
22298,5,-11158
22299,47,-544
22300,72,5610
22301,22,-6895
22302,40,-2406
22303,43,-1605
22304,66,4150
22305,41,-2213
22306,47,-600
22307,8,-10444
22308,1,-12174
22309,40,-2261
22310,13,-9195
22311,71,5250
22312,85,8921
22313,52,558
22314,19,-7562
22315,6,-10935
22316,91,10317
22317,5,-11079
22318,29,-5031
22319,69,4917
22320,53,772
22321,74,6095
22322,31,-4744
22323,34,-3815
22324,2,-11958
22325,88,9727
22326,14,-8845
22327,64,3558
22328,62,3024
22329,33,-4152
22330,44,-1403
22331,87,9437
22332,8,-10292
22333,16,-8380
22334,62,3118
22335,88,9715
22336,32,-4416
22337,19,-7611
22338,80,7538
22339,24,-6447
22340,70,5100
22341,90,10218
22342,42,-1825
22343,87,9308
22344,35,-3594
22345,74,6069
22346,6,-10871
22347,69,4921
22348,82,8219
22349,74,6097
22350,24,-6450
22351,73,5770
22352,13,-9210
22353,67,4451
22354,64,3664
22355,88,9739
22356,49,-33
22357,55,1369
22358,1,-12179
22359,52,643
22360,59,2417
22361,80,7503
22362,60,2670
22363,18,-7817
22364,39,-2533
22365,13,-9001
22366,97,11765
22367,60,2739
22368,29,-5144
22369,37,-3038
22370,16,-8379
22371,84,8595
22372,40,-2385
22373,87,9338
22374,54,1125
22375,89,9888
22376,55,1354
22377,42,-1790
22378,34,-3993
22379,69,4824
22380,73,5763
22381,20,-7485
22382,79,7459
22383,88,9643
22384,82,8043
22385,24,-6279
22386,27,-5523
22387,21,-7038
22388,53,755
22389,27,-5676
22390,33,-4111
22391,66,4051
22392,41,-2027
22393,37,-3137
22394,57,1862
22395,23,-6550
22396,12,-9409
22397,9,-10219
22398,25,-6094
22399,84,8747
22400,13,-9126
22401,56,1550
22402,39,-2560
22403,6,-10974
22404,55,1320
22405,80,7604
22406,91,10396
22407,78,7063
22408,28,-5388
22409,25,-6060
22410,4,-11336
22411,88,9577
22412,28,-5348
22413,13,-9107
22414,39,-2657
22415,40,-2482
22416,60,2545
22417,27,-5555
22418,92,10626
22419,59,2278
22420,82,8180
22421,29,-5181
22422,91,10277
22423,70,5003
22424,33,-4238
22425,39,-2733
22426,0,-12354
22427,17,-8232
22428,34,-3796
22429,28,-5296
22430,88,9524
22431,81,7811
22432,13,-9006
22433,52,516
22434,26,-5835
22435,37,-3098
22436,95,11331
22437,61,2799
22438,24,-6289
22439,25,-6140
22440,86,9205
22441,28,-5360
22442,43,-1690
22443,86,9159
22444,11,-9551
22445,27,-5750
22446,0,-12382
22447,94,11126
22448,64,3685
22449,69,4855
22450,46,-799
22451,19,-7699
22452,96,11567
22453,87,9449
22454,96,11537
22455,93,10878
22456,32,-4329
22457,89,9994
22458,6,-10904
22459,59,2411
22460,92,10647
22461,25,-6238
22462,58,2171
22463,75,6331
22464,21,-7033
22465,57,1784
22466,29,-5157
22467,23,-6574
22468,3,-11513
22469,76,6685
22470,79,7432
22471,68,4667
22472,31,-4582
22473,14,-8889
22474,16,-8415
22475,95,11296
22476,51,403
22477,29,-5130
22478,28,-5481
22479,65,3863
22480,40,-2447
22481,82,8107
22482,73,5843
22483,84,8722
22484,25,-6205
22485,70,5167
22486,45,-1060
22487,60,2517
22488,88,9579
22489,10,-9765
22490,23,-6680
22491,30,-4863
22492,48,-263
22493,88,9626
22494,37,-3041
22495,70,5093
22496,42,-1901
22497,20,-7498
22498,48,-362
22499,73,5999
22500,85,8873
22501,18,-7903
22502,2,-11996
22503,19,-7525
22504,94,11201
22505,37,-3029
22506,85,8952
22507,37,-3144
22508,66,4097
22509,61,2868
22510,55,1384
22511,6,-10784
22512,78,7230
22513,92,10702
22514,19,-7588
22515,83,8349
22516,85,8832
22517,34,-3894
22518,61,2866
22519,65,3788
22520,54,1217
22521,27,-5501
22522,60,2528
22523,79,7251
22524,31,-4648
22525,7,-10535
22526,21,-7205
22527,2,-11934
22528,64,3647
22529,52,597
22530,12,-9485
22531,0,-12417
22532,91,10355
22533,89,9755
22534,89,9851
22535,79,7271
22536,71,5466
22537,91,10334
22538,56,1610
22539,99,12392
22540,39,-2672
22541,51,408
22542,62,3061
22543,61,2851
22544,62,3123
22545,64,3532
22546,82,8198
22547,38,-2905
22548,21,-7244
22549,66,4078
22550,51,466
22551,30,-4764
22552,98,12061
22553,48,-474
22554,77,6980
22555,74,6029
22556,98,12143
22557,48,-285
22558,60,2576
22559,86,9249
22560,0,-12389
22561,80,7722
22562,79,7409
22563,78,7011
22564,1,-12062
22565,29,-5192
22566,2,-11977
22567,79,7339
22568,89,9878
22569,85,8806
22570,45,-1174
22571,26,-5784
22572,33,-4037
22573,35,-3533
22574,92,10697
22575,4,-11420
22576,19,-7607
22577,66,4135
22578,95,11425
22579,15,-8525
22580,1,-12070
22581,48,-444
22582,26,-5906
22583,80,7650
22584,84,8560
22585,76,6541
22586,30,-4864
22587,37,-3033
22588,49,-213
22589,5,-11215
22590,35,-3736
22591,85,8827
22592,18,-7868
22593,8,-10286
22594,45,-1141
22595,10,-9848
22596,67,4288
22597,35,-3722
22598,13,-9075
22599,38,-2977
22600,22,-6813
22601,78,7031
22602,7,-10572
22603,79,7279
22604,96,11531
22605,81,7803
22606,43,-1660
22607,68,4635
22608,3,-11663
22609,46,-972
22610,77,6786
22611,54,1090
22612,18,-7965
22613,79,7471
22614,33,-4141
22615,13,-9201
22616,13,-9244
22617,40,-2396
22618,29,-5007
22619,59,2375
22620,82,8192
22621,48,-410
22622,94,11002
22623,48,-373
22624,28,-5316
22625,57,1793
22626,54,1162
22627,70,5056
22628,94,11143
22629,75,6482
22630,33,-4215
22631,84,8591
22632,73,5821
22633,69,4941
22634,95,11253
22635,44,-1305
22636,11,-9648
22637,60,2737
22638,61,2896
22639,47,-529
22640,56,1566
22641,77,6940
22642,21,-7114
22643,63,3274
22644,7,-10506
22645,15,-8545
22646,18,-7786
22647,94,11082
22648,46,-896
22649,67,4274
22650,74,6210
22651,64,3643
22652,14,-8857
22653,81,7960
22654,59,2446
22655,80,7723
22656,94,11172
22657,10,-9854
22658,11,-9734
22659,61,2843
22660,95,11486
22661,40,-2295
22662,56,1642
22663,90,10060
22664,36,-3348
22665,12,-9463
22666,22,-6889
22667,43,-1521
22668,41,-2150
22669,16,-8430
22670,93,10796
22671,81,7787
22672,39,-2662
22673,37,-3236
22674,73,5781
22675,21,-7206
22676,58,2118
22677,58,2214
22678,41,-2025
22679,83,8271
22680,91,10479
22681,9,-10104
22682,89,9876
22683,63,3489
22684,45,-1099
22685,70,5078
22686,98,12161
22687,59,2423
22688,13,-9014
22689,97,11908
22690,17,-8148
22691,86,9039
22692,35,-3529
22693,68,4736
22694,26,-5761
22695,69,4981
22696,68,4502
22697,80,7687
22698,61,2995
22699,98,12194
22700,4,-11467
22701,75,6474
22702,38,-2823
22703,51,329
22704,22,-6771
22705,54,1229
22706,98,12233
22707,65,3909
22708,84,8580
22709,69,4876
22710,89,9804
22711,87,9303
22712,76,6677
22713,19,-7586
22714,68,4626
22715,4,-11291
22716,73,5986
22717,85,8985
22718,2,-11904
22719,72,5707
22720,89,9816
22721,2,-11875
22722,54,1192
22723,10,-9869
22724,89,9885
22725,15,-8707
22726,99,12370
22727,90,10073
22728,90,10062
22729,43,-1513
22730,51,445
22731,56,1707
22732,41,-2040
22733,52,735
22734,43,-1566
22735,89,9875
22736,93,10861
22737,21,-7242
22738,29,-5033
22739,0,-12367
22740,9,-10202
22741,45,-1017
22742,67,4341
22743,48,-489
22744,73,5833
22745,94,11180
22746,66,4048
22747,44,-1303
22748,73,5970
22749,28,-5395
22750,73,5903
22751,80,7643
22752,54,1222
22753,92,10716
22754,97,11817
22755,55,1463
22756,6,-10931
22757,95,11330
22758,11,-9703
22759,71,5441
22760,94,11192
22761,53,797
22762,8,-10317
22763,79,7447
22764,88,9647
22765,47,-525
22766,98,12177
22767,88,9667
22768,84,8743
22769,10,-9928
22770,40,-2328
22771,26,-5821
22772,93,10973
22773,75,6301
22774,50,167
22775,94,11132
22776,63,3358
22777,10,-9811
22778,64,3745
22779,46,-905
22780,30,-4899
22781,60,2541
22782,45,-1028
22783,90,10059
22784,25,-6193
22785,19,-7724
22786,65,3766
22787,89,9848
22788,47,-684
22789,81,7822
22790,89,9897
22791,88,9587
22792,68,4663
22793,41,-2003
22794,27,-5543
22795,88,9555
22796,54,1003
22797,84,8694
22798,51,385
22799,83,8252
22800,44,-1349
22801,48,-427
22802,47,-724
22803,35,-3564
22804,25,-6125
22805,75,6316
22806,31,-4541
22807,88,9566
22808,22,-6849
22809,31,-4504
22810,20,-7269
22811,38,-2936
22812,21,-7136
22813,50,118
22814,90,10185
22815,37,-3207
22816,68,4546
22817,54,1182
22818,76,6602
22819,71,5380
22820,79,7435
22821,56,1589
22822,4,-11485
22823,86,9147
22824,35,-3614
22825,56,1546
22826,26,-5895
22827,65,3824
22828,67,4254
22829,29,-5216
22830,29,-5093
22831,69,4907
22832,96,11711
22833,33,-4010
22834,14,-8988
22835,59,2313
22836,79,7316
22837,74,6237
22838,12,-9444
22839,57,1957
22840,93,10759
22841,43,-1617
22842,91,10436
22843,72,5741
22844,85,8856
22845,18,-7755
22846,9,-10249
22847,77,6971
22848,87,9435
22849,22,-6910
22850,52,677
22851,73,5925
22852,84,8655
22853,76,6510
22854,70,5085
22855,38,-2865
22856,29,-5032
22857,80,7657
22858,72,5567
22859,13,-9118
22860,19,-7602
22861,62,3230
22862,37,-3234
22863,29,-5244
22864,23,-6627
22865,39,-2574
22866,65,3782
22867,29,-5022
22868,93,10831
22869,94,11220
22870,30,-4787
22871,8,-10357
22872,33,-4192
22873,96,11600
22874,15,-8571
22875,78,7169
22876,36,-3312
22877,2,-11772
22878,59,2258
22879,80,7565
22880,79,7334
22881,62,3167
22882,73,5786
22883,57,1892
22884,50,98
22885,40,-2344
22886,74,6035
22887,76,6700
22888,76,6554
22889,55,1376
22890,27,-5688
22891,12,-9267
22892,10,-9786
22893,14,-8870
22894,23,-6537
22895,60,2643
22896,73,5864
22897,46,-777
22898,83,8295
22899,70,5248
22900,3,-11665
22901,91,10253
22902,35,-3696
22903,49,-1
22904,70,5094
22905,97,11970
22906,47,-689
22907,51,454
22908,79,7373
22909,70,5131
22910,38,-2970
22911,89,9981
22912,20,-7322
22913,6,-10940
22914,72,5640
22915,34,-3992
22916,71,5495
22917,36,-3276
22918,18,-7897
22919,89,9775
22920,96,11671
22921,59,2321
22922,7,-10642
22923,64,3638
22924,3,-11552
22925,32,-4332
22926,80,7638
22927,19,-7717
22928,3,-11537
22929,66,4102
22930,5,-11110
22931,91,10307
22932,22,-6956
22933,7,-10607
22934,78,7042
22935,32,-4331
22936,58,2048
22937,81,7855
22938,49,-226
22939,28,-5273
22940,43,-1712
22941,47,-710
22942,6,-10814
22943,78,7163
22944,77,6904
22945,72,5693
22946,31,-4643
22947,10,-9944
22948,87,9319
22949,91,10446
22950,51,320
22951,52,682
22952,78,7192
22953,24,-6391
22954,30,-4935
22955,0,-12374
22956,48,-454
22957,98,12146
22958,99,12261
22959,82,8136
22960,67,4462
22961,62,3240
22962,36,-3352
22963,23,-6600
22964,99,12436
22965,51,479
22966,51,330
22967,79,7283
22968,51,316
22969,18,-7954
22970,68,4535
22971,60,2511
22972,8,-10466
22973,22,-6801
22974,52,503
22975,13,-9134
22976,22,-6874
22977,74,6055
22978,37,-3105
22979,30,-4987
22980,16,-8341
22981,64,3526
22982,64,3501
22983,57,1991
22984,3,-11599
22985,12,-9264
22986,39,-2637
22987,36,-3282
22988,32,-4272
22989,30,-4967
22990,32,-4433
22991,49,-42
22992,48,-353
22993,88,9637
22994,2,-11989
22995,43,-1613
22996,16,-8288
22997,48,-352
22998,28,-5263
22999,68,4675
23000,97,11959
23001,51,400
23002,60,2623
23003,66,4180
23004,52,681
23005,50,7
23006,12,-9340
23007,52,545
23008,86,9243
23009,31,-4669
23010,7,-10560
23011,40,-2323
23012,66,4151
23013,72,5564
23014,20,-7488
23015,85,8843
23016,65,3931
23017,89,9956
23018,33,-4082
23019,83,8442
23020,45,-1199
23021,52,725
23022,27,-5671
23023,57,1874
23024,24,-6273
23025,84,8521
23026,6,-10769
23027,30,-4970
23028,56,1633
23029,89,9881
23030,53,816
23031,9,-10175
23032,79,7477
23033,86,9166
23034,69,4892
23035,44,-1449
23036,97,11811
23037,22,-6765
23038,36,-3328
23039,53,827
23040,14,-8945
23041,5,-11004
23042,82,8071
23043,67,4331
23044,50,239
23045,78,7002
23046,7,-10561
23047,81,7845
23048,35,-3540
23049,20,-7292
23050,29,-5015
23051,86,9131
23052,97,11851
23053,19,-7622
23054,45,-1180
23055,90,10081
23056,18,-7902
23057,55,1473
23058,62,3149
23059,93,10950
23060,98,12220
23061,88,9703
23062,6,-10912
23063,30,-4897
23064,1,-12226
23065,15,-8568
23066,83,8288
23067,57,1966
23068,78,7000
23069,20,-7296
23070,93,10914
23071,77,6987
23072,22,-6852
23073,3,-11724
23074,30,-4847
23075,66,4148
23076,95,11324
23077,74,6075
23078,45,-1040
23079,51,394
23080,96,11565
23081,65,3870
23082,50,77
23083,82,8017
23084,68,4705
23085,69,4939
23086,22,-6793
23087,80,7689
23088,56,1508
23089,31,-4609
23090,74,6081
23091,25,-6126
23092,18,-7796
23093,64,3646
23094,73,5764
23095,90,10061
23096,10,-9804
23097,56,1630
23098,27,-5625
23099,77,6970
23100,57,1983
23101,17,-8218
23102,74,6159
23103,72,5587
23104,99,12358
23105,80,7609
23106,77,6866
23107,77,6829
23108,82,8129
23109,84,8612
23110,78,7228
23111,79,7259
23112,7,-10685
23113,29,-5004
23114,17,-8170
23115,17,-8233
23116,41,-2183
23117,74,6121
23118,0,-12468
23119,72,5575
23120,0,-12293
23121,85,8837
23122,97,11992
23123,38,-2885
23124,40,-2278
23125,26,-5803
23126,14,-8819
23127,87,9283
23128,4,-11484
23129,74,6053
23130,37,-3071
23131,7,-10665
23132,92,10743
23133,61,2841
23134,64,3694
23135,55,1450
23136,62,3187
23137,16,-8368
23138,52,669
23139,62,3177
23140,20,-7397
23141,38,-2984
23142,77,6856
23143,89,9835
23144,14,-8930
23145,60,2663
23146,9,-10023
23147,17,-8206
23148,28,-5400
23149,75,6359
23150,57,1816
23151,57,1897
23152,79,7295
23153,11,-9671
23154,0,-12262
23155,54,1143
23156,0,-12366
23157,84,8602
23158,99,12284
23159,61,2788
23160,11,-9572
23161,48,-404
23162,51,458
23163,48,-429
23164,95,11381
23165,99,12414
23166,1,-12091
23167,69,4843
23168,18,-7856
23169,54,1187
23170,70,5200
23171,78,7139
23172,86,9009
23173,65,3757
23174,67,4397
23175,82,8131
23176,26,-5822
23177,35,-3590
23178,77,6750
23179,71,5497
23180,59,2325
23181,72,5688
23182,17,-8167
23183,73,5787
23184,61,2998
23185,97,11770
23186,6,-10868
23187,76,6572
23188,53,907
23189,76,6655
23190,92,10636
23191,81,7869
23192,40,-2337
23193,8,-10258
23194,27,-5546
23195,73,5832
23196,50,59
23197,61,2870
23198,38,-2904
23199,88,9598
23200,27,-5511
23201,50,123
23202,1,-12011
23203,97,11828
23204,32,-4442
23205,70,5120
23206,53,998
23207,66,4243
23208,70,5001
23209,74,6030
23210,9,-10050
23211,42,-1923
23212,98,12069
23213,76,6633
23214,62,3113
23215,38,-2789
23216,68,4671
23217,12,-9412
23218,47,-577
23219,80,7569
23220,7,-10649
23221,55,1360
23222,62,3172
23223,32,-4440
23224,67,4411
23225,20,-7282
23226,29,-5202
23227,86,9078
23228,13,-9190
23229,1,-12097
23230,69,4827
23231,31,-4618
23232,46,-814
23233,5,-11224
23234,60,2540
23235,59,2495
23236,39,-2736
23237,35,-3640
23238,81,7828
23239,90,10156
23240,56,1543
23241,91,10301
23242,39,-2671
23243,88,9639
23244,22,-6858
23245,46,-950
23246,39,-2649
23247,71,5411
23248,90,10174
23249,34,-3934
23250,22,-6984
23251,51,264
23252,97,11846
23253,87,9359
23254,23,-6724
23255,35,-3530
23256,28,-5281
23257,12,-9388
23258,97,11829
23259,30,-4751
23260,99,12428
23261,57,1812
23262,97,11982
23263,92,10683
23264,76,6718
23265,0,-12342
23266,41,-2197
23267,60,2611
23268,42,-1980
23269,76,6570
23270,14,-8852
23271,77,6823
23272,41,-2140
23273,51,439
23274,68,4528
23275,32,-4457
23276,63,3290
23277,12,-9381
23278,4,-11416
23279,79,7303
23280,40,-2275
23281,7,-10601
23282,94,11169
23283,73,5755
23284,22,-6940
23285,4,-11373
23286,45,-1091
23287,56,1604
23288,31,-4724
23289,80,7575
23290,75,6410
23291,61,2839
23292,26,-5939
23293,53,823
23294,46,-781
23295,84,8507
23296,82,8080
23297,86,9063
23298,29,-5121
23299,78,7189
23300,59,2268
23301,36,-3269
23302,31,-4533
23303,93,10804
23304,87,9479
23305,18,-7930
23306,0,-12411
23307,36,-3369
23308,19,-7594
23309,78,7015
23310,45,-1084
23311,52,645
23312,71,5403
23313,35,-3651
23314,26,-5914
23315,89,9861
23316,69,4835
23317,83,8461
23318,18,-7976
23319,62,3071
23320,33,-4042
23321,12,-9474
23322,3,-11699
23323,31,-4542
23324,46,-960
23325,74,6098
23326,39,-2673
23327,83,8317
23328,54,1063
23329,90,10031
23330,25,-6039
23331,88,9568
23332,26,-5810
23333,88,9675
23334,91,10497
23335,37,-3059
23336,56,1574
23337,28,-5361
23338,60,2719
23339,41,-2144
23340,94,11139
23341,82,8004
23342,26,-5766
23343,92,10731
23344,74,6171
23345,43,-1504
23346,28,-5332
23347,90,10146
23348,31,-4554
23349,56,1678
23350,31,-4687
23351,23,-6672
23352,54,1112
23353,64,3746
23354,45,-1057
23355,42,-1899
23356,23,-6708
23357,20,-7318
23358,38,-2756
23359,55,1394
23360,69,4920
23361,25,-6241
23362,69,4959
23363,25,-6201
23364,7,-10678
23365,53,961
23366,0,-12494
23367,63,3271
23368,91,10322
23369,0,-12434
23370,60,2581
23371,44,-1329
23372,96,11515
23373,77,6927
23374,55,1432
23375,36,-3297
23376,99,12360
23377,43,-1586
23378,10,-9797
23379,83,8287
23380,29,-5056
23381,33,-4209
23382,67,4391
23383,71,5299
23384,77,6777
23385,75,6337
23386,48,-365
23387,74,6021
23388,76,6622
23389,82,8121
23390,6,-10997
23391,78,7051
23392,91,10452
23393,78,7171
23394,6,-10847
23395,76,6560
23396,78,7032
23397,73,5944
23398,22,-6989
23399,33,-4246
23400,2,-11799
23401,99,12338
23402,64,3658
23403,2,-11943
23404,4,-11469
23405,49,-99
23406,71,5388
23407,42,-1849
23408,80,7511
23409,52,674
23410,60,2727
23411,36,-3443
23412,52,676
23413,67,4418
23414,30,-4865
23415,56,1728
23416,17,-8010
23417,92,10691
23418,26,-5989
23419,92,10576
23420,63,3261
23421,55,1499
23422,86,9167
23423,90,10047
23424,31,-4566
23425,39,-2548
23426,67,4475
23427,63,3260
23428,37,-3128
23429,80,7711
23430,33,-4202
23431,52,554
23432,74,6219
23433,33,-4088
23434,46,-860
23435,64,3582
23436,97,11915
23437,25,-6013
23438,15,-8540
23439,36,-3311
23440,12,-9275
23441,18,-7753
23442,77,6972
23443,44,-1253
23444,90,10106
23445,0,-12268
23446,24,-6387
23447,91,10315
23448,79,7272
23449,2,-11919
23450,84,8627
23451,30,-4778
23452,32,-4426
23453,23,-6543
23454,79,7479
23455,59,2437
23456,84,8734
23457,65,3920
23458,52,703
23459,79,7389
23460,29,-5187
23461,6,-10831
23462,43,-1618
23463,53,851
23464,49,-8
23465,14,-8999
23466,14,-8977
23467,36,-3471
23468,80,7621
23469,89,9995
23470,48,-477
23471,91,10341
23472,69,4965
23473,15,-8685
23474,78,7128
23475,60,2587
23476,86,9218
23477,25,-6003
23478,36,-3366
23479,69,4963
23480,81,7906
23481,58,2090
23482,10,-9779
23483,69,4785
23484,34,-3928
23485,54,1215
23486,81,7971
23487,71,5316
23488,70,5019
23489,47,-716
23490,72,5749
23491,80,7570
23492,59,2309
23493,93,10935
23494,56,1641
23495,58,2111
23496,39,-2627
23497,80,7567
23498,99,12346
23499,33,-4213
23500,85,8810
23501,84,8707
23502,40,-2373
23503,93,10815
23504,85,8792
23505,87,9369
23506,70,5008
23507,68,4648
23508,40,-2446
23509,77,6925
23510,82,8099
23511,74,6137
23512,33,-4085
23513,44,-1267
23514,7,-10741
23515,16,-8349
23516,36,-3438
23517,18,-7978
23518,20,-7349
23519,60,2747
23520,12,-9490
23521,38,-2811
23522,14,-8809
23523,86,9025
23524,98,12041
23525,51,456
23526,24,-6469
23527,69,4975
23528,55,1443
23529,66,4028
23530,80,7704
23531,85,8915
23532,73,5993
23533,51,485
23534,31,-4677
23535,63,3419
23536,98,12229
23537,39,-2532
23538,40,-2480
23539,80,7555
23540,6,-10882
23541,27,-5722
23542,32,-4487
23543,35,-3536
23544,15,-8531
23545,62,3095
23546,60,2591
23547,96,11738
23548,91,10474
23549,85,8878
23550,37,-3083
23551,90,10171
23552,26,-5858
23553,4,-11417
23554,91,10456
23555,73,5909
23556,69,4848
23557,79,7307
23558,11,-9679
23559,83,8401
23560,87,9267
23561,27,-5741
23562,45,-1071
23563,89,9815
23564,51,307
23565,56,1571
23566,70,5076
23567,93,10947
23568,63,3469
23569,38,-2783
23570,74,6149
23571,51,345
23572,8,-10371
23573,31,-4639
23574,56,1502
23575,87,9375
23576,94,11120
23577,78,7170
23578,44,-1254
23579,30,-4843
23580,38,-2761
23581,72,5633
23582,99,12301
23583,43,-1676
23584,77,6996
23585,79,7491
23586,20,-7300
23587,92,10730
23588,75,6295
23589,88,9547
23590,48,-279
23591,83,8419
23592,29,-5081
23593,21,-7009
23594,5,-11001
23595,74,6151
23596,4,-11442
23597,88,9681
23598,21,-7154
23599,79,7358
23600,2,-11950
23601,85,8769
23602,45,-1182
23603,12,-9365
23604,16,-8481
23605,11,-9527
23606,13,-9033
23607,44,-1402
23608,49,-87
23609,15,-8609
23610,92,10627
23611,4,-11342
23612,35,-3602
23613,46,-975
23614,21,-7184
23615,69,4851
23616,82,8069
23617,23,-6736
23618,86,9133
23619,8,-10289
23620,95,11384
23621,77,6824
23622,35,-3543
23623,93,10915
23624,52,527
23625,53,849
23626,96,11592
23627,22,-6787
23628,62,3112
23629,58,2021
23630,46,-802
23631,39,-2558
23632,58,2151
23633,13,-9111
23634,88,9522
23635,83,8354
23636,7,-10658
23637,51,338
23638,65,3799
23639,14,-8818
23640,38,-2837
23641,76,6579
23642,77,6966
23643,50,227
23644,32,-4269
23645,80,7537
23646,57,1910
23647,66,4203
23648,40,-2251
23649,94,11058
23650,30,-4924
23651,87,9262
23652,70,5135
23653,73,5812
23654,17,-8095
23655,51,339
23656,37,-3063
23657,13,-9071
23658,38,-2791
23659,69,4927
23660,24,-6277
23661,11,-9652
23662,42,-1763
23663,75,6493
23664,80,7579
23665,69,4753
23666,56,1510
23667,33,-4050
23668,65,3761
23669,94,11125
23670,30,-4769
23671,57,1819
23672,84,8712
23673,91,10290
23674,58,2208
23675,58,2000
23676,13,-9169
23677,11,-9713
23678,93,10843
23679,94,11019
23680,73,5888
23681,87,9371
23682,21,-7066
23683,18,-7912
23684,63,3267
23685,36,-3470
23686,66,4193
23687,92,10711
23688,88,9704
23689,66,4003
23690,51,401
23691,24,-6464
23692,98,12155
23693,60,2742
23694,86,9216
23695,55,1442
23696,19,-7728
23697,1,-12002
23698,61,2978
23699,68,4701
23700,34,-3958
23701,85,8958
23702,45,-1036
23703,94,11011
23704,9,-10211
23705,21,-7247
23706,88,9658
23707,82,8205
23708,11,-9663
23709,27,-5574
23710,90,10143
23711,71,5275
23712,61,2900
23713,47,-594
23714,63,3490
23715,43,-1611
23716,30,-4824
23717,17,-8081
23718,41,-2060
23719,77,6773
23720,91,10255
23721,62,3032
23722,76,6732
23723,69,4762
23724,28,-5468
23725,74,6063
23726,97,11793
23727,60,2715
23728,41,-2231
23729,71,5413
23730,35,-3502
23731,83,8283
23732,49,-248
23733,39,-2734
23734,87,9487
23735,91,10379
23736,59,2410
23737,71,5357
23738,57,1977
23739,76,6641
23740,9,-10088
23741,33,-4008
23742,58,2077
23743,89,9923
23744,10,-9916
23745,7,-10616
23746,49,-144
23747,7,-10538
23748,98,12197
23749,63,3317
23750,93,10894
23751,72,5536
23752,77,6855
23753,49,-112
23754,72,5513
23755,60,2579
23756,48,-262
23757,94,11199
23758,84,8658
23759,31,-4685
23760,52,714
23761,63,3313
23762,54,1122
23763,9,-10128
23764,66,4207
23765,86,9005
23766,6,-10867
23767,74,6126
23768,81,7887
23769,59,2353
23770,54,1011
23771,79,7475
23772,38,-2902
23773,64,3660
23774,54,1089
23775,60,2683
23776,99,12479
23777,89,9778
23778,71,5268
23779,38,-2934
23780,78,7196
23781,88,9635
23782,64,3548
23783,85,8977
23784,52,743
23785,87,9320
23786,82,8082
23787,89,9943
23788,23,-6616
23789,34,-3760
23790,19,-7603
23791,68,4607
23792,66,4249
23793,85,8795
23794,96,11702
23795,49,-150
23796,44,-1405
23797,85,8834
23798,95,11341
23799,40,-2349
23800,9,-10213
23801,29,-5116
23802,78,7123
23803,70,5239
23804,53,787
23805,77,6954
23806,51,372
23807,88,9563
23808,98,12097
23809,8,-10313
23810,38,-2897
23811,66,4199
23812,54,1007
23813,58,2092
23814,40,-2420
23815,56,1727
23816,72,5588
23817,14,-8891
23818,27,-5529
23819,45,-1079
23820,90,10088
23821,94,11151
23822,85,8906
23823,35,-3698
23824,85,8775
23825,30,-4992
23826,70,5211
23827,13,-9164
23828,21,-7053
23829,67,4494
23830,20,-7453
23831,9,-10066
23832,74,6082
23833,71,5324
23834,72,5725
23835,45,-1123
23836,80,7633
23837,14,-8961
23838,29,-5189
23839,76,6571
23840,78,7085
23841,10,-9895
23842,14,-8806
23843,88,9596
23844,17,-8179
23845,67,4333
23846,17,-8138
23847,23,-6504
23848,25,-6222
23849,82,8239
23850,2,-11793
23851,14,-8893
23852,49,-28
23853,83,8289
23854,82,8009
23855,3,-11742
23856,14,-8995
23857,64,3629
23858,95,11473
23859,25,-6061
23860,64,3588
23861,84,8621
23862,16,-8480
23863,90,10141
23864,39,-2590
23865,55,1346
23866,17,-8240
23867,37,-3171
23868,50,33
23869,66,4067
23870,80,7636
23871,83,8427
23872,11,-9717
23873,51,472
23874,62,3018
23875,47,-723
23876,89,9857
23877,56,1551
23878,33,-4092
23879,74,6139
23880,51,335
23881,62,3037
23882,14,-8983
23883,59,2264
23884,16,-8301
23885,61,2953
23886,11,-9517
23887,85,8881
23888,72,5692
23889,61,2897
23890,95,11348
23891,63,3424
23892,60,2613
23893,43,-1680
23894,31,-4708
23895,1,-12048
23896,32,-4278
23897,84,8664
23898,14,-8943
23899,61,2845
23900,89,9914
23901,71,5498
23902,49,-236
23903,72,5643
23904,9,-10225
23905,36,-3476
23906,31,-4629
23907,80,7583
23908,68,4601
23909,75,6283
23910,63,3301
23911,76,6557
23912,65,3772
23913,40,-2441
23914,12,-9455
23915,68,4632
23916,84,8534
23917,6,-10967
23918,92,10744
23919,93,10927
23920,60,2721
23921,70,5067
23922,23,-6704
23923,69,4775
23924,72,5665
23925,15,-8656
23926,37,-3147
23927,86,9203
23928,18,-7798
23929,60,2666
23930,99,12398
23931,31,-4728
23932,44,-1330
23933,33,-4049
23934,99,12304
23935,94,11089
23936,86,9041
23937,62,3038
23938,84,8705
23939,32,-4335
23940,0,-12489
23941,95,11480
23942,71,5343
23943,88,9615
23944,20,-7299
23945,12,-9287
23946,95,11342
23947,76,6735
23948,98,12035
23949,68,4623
23950,38,-2869
23951,79,7391
23952,98,12169
23953,83,8433
23954,26,-5995
23955,54,1139
23956,63,3456
23957,95,11285
23958,75,6481
23959,22,-6870
23960,26,-5823
23961,66,4165
23962,27,-5665
23963,73,5779
23964,23,-6523
23965,32,-4469
23966,43,-1583
23967,92,10523
23968,93,10855
23969,11,-9536
23970,78,7118
23971,41,-2206
23972,84,8517
23973,95,11303
23974,86,9189
23975,88,9523
23976,39,-2604
23977,17,-8075
23978,18,-7844
23979,88,9604
23980,1,-12044
23981,29,-5155
23982,46,-867
23983,75,6461
23984,87,9499
23985,53,920
23986,8,-10471
23987,94,11095
23988,80,7522
23989,38,-2793
23990,5,-11085
23991,57,1924
23992,28,-5439
23993,83,8397
23994,80,7505
23995,57,1883
23996,11,-9587
23997,38,-2883
23998,65,3968
23999,92,10688
24000,92,10668
24001,59,2334
24002,13,-9248
24003,63,3325
24004,55,1355
24005,46,-759
24006,65,3787
24007,26,-5936
24008,77,6890
24009,65,3983
24010,9,-10146
24011,91,10389
24012,42,-1954
24013,33,-4183
24014,88,9644
24015,73,5835
24016,22,-6991
24017,49,-140
24018,33,-4180
24019,10,-9863
24020,96,11514
24021,61,2999
24022,64,3642
24023,83,8311
24024,4,-11474
24025,74,6163
24026,83,8323
24027,0,-12463
24028,18,-7801
24029,72,5612
24030,48,-481
24031,78,7050
24032,89,9811
24033,30,-4825
24034,65,3967
24035,80,7613
24036,26,-5785
24037,72,5526
24038,45,-1051
24039,53,963
24040,18,-7825
24041,92,10539
24042,1,-12019
24043,94,11247
24044,52,660
24045,47,-633
24046,86,9201
24047,85,8875
24048,5,-11231
24049,88,9527
24050,72,5558
24051,52,541
24052,42,-1841
24053,47,-717
24054,55,1261
24055,53,789
24056,51,332
24057,31,-4595
24058,53,999
24059,56,1625
24060,15,-8615
24061,93,10972
24062,18,-7936
24063,94,11051
24064,76,6634
24065,20,-7413
24066,64,3640
24067,80,7627
24068,75,6405
24069,94,11185
24070,21,-7233
24071,89,9979
24072,31,-4518
24073,91,10385
24074,61,2991
24075,57,1804
24076,46,-812
24077,57,1980
24078,12,-9458
24079,76,6515
24080,22,-6928
24081,69,4808
24082,88,9624
24083,8,-10352
24084,53,993
24085,44,-1351
24086,53,859
24087,39,-2640
24088,95,11304
24089,87,9263
24090,14,-8773
24091,55,1444
24092,24,-6397
24093,13,-9032
24094,19,-7520
24095,90,10043
24096,83,8281
24097,14,-8881
24098,20,-7390
24099,93,10997
24100,26,-5893
24101,84,8683
24102,49,-119
24103,76,6729
24104,52,726
24105,77,6922
24106,79,7424
24107,29,-5211
24108,77,6935
24109,20,-7429
24110,44,-1480
24111,94,11203
24112,52,702
24113,11,-9625
24114,18,-7836
24115,56,1632
24116,11,-9548
24117,30,-4814
24118,83,8286
24119,3,-11667
24120,27,-5634
24121,5,-11072
24122,13,-9130
24123,81,7990
24124,51,499
24125,11,-9545
24126,85,8986
24127,91,10287
24128,20,-7481
24129,63,3455
24130,82,8104
24131,84,8723
24132,4,-11292
24133,18,-7962
24134,58,2117
24135,74,6157
24136,29,-5208
24137,53,872
24138,68,4581
24139,45,-1053
24140,48,-351
24141,54,1037
24142,16,-8402
24143,89,9809
24144,1,-12231
24145,9,-10115
24146,59,2481
24147,24,-6389
24148,42,-1924
24149,22,-6772
24150,18,-7759
24151,90,10083
24152,89,9959
24153,89,9852
24154,2,-11973
24155,14,-8903
24156,41,-2218
24157,8,-10378
24158,17,-8248
24159,91,10320
24160,95,11317
24161,79,7428
24162,44,-1326
24163,88,9611
24164,26,-5898
24165,89,9954
24166,19,-7516
24167,85,8955
24168,35,-3574
24169,48,-399
24170,43,-1564
24171,21,-7188
24172,0,-12316
24173,68,4557
24174,95,11434
24175,67,4283
24176,13,-9138
24177,78,7089
24178,79,7472
24179,20,-7372
24180,36,-3392
24181,11,-9722
24182,92,10602
24183,82,8116
24184,3,-11627
24185,2,-11840
24186,8,-10498
24187,82,8164
24188,54,1096
24189,0,-12343
24190,11,-9720
24191,73,5913
24192,67,4393
24193,99,12348
24194,38,-2929
24195,36,-3255
24196,66,4166
24197,18,-7939
24198,22,-6935
24199,83,8479
24200,40,-2350
24201,39,-2682
24202,11,-9586
24203,54,1201
24204,99,12395
24205,43,-1503
24206,44,-1273
24207,96,11551
24208,66,4117
24209,91,10364
24210,16,-8482
24211,97,11786
24212,60,2577
24213,54,1231
24214,64,3580
24215,96,11526
24216,49,-147
24217,93,10854
24218,1,-12169
24219,35,-3612
24220,80,7530
24221,89,9963
24222,5,-11153
24223,51,424
24224,32,-4403
24225,89,9770
24226,97,11830
24227,32,-4363
24228,99,12419
24229,35,-3705
24230,17,-8194
24231,79,7499
24232,65,3985
24233,91,10447
24234,52,569
24235,33,-4124
24236,69,4776
24237,33,-4077
24238,72,5518
24239,81,7805
24240,97,11873
24241,25,-6031
24242,51,383
24243,29,-5245
24244,97,11923
24245,88,9617
24246,67,4327
24247,95,11305
24248,83,8446
24249,36,-3402
24250,50,124
24251,86,9079
24252,71,5259
24253,10,-9957
24254,59,2280
24255,87,9476
24256,50,92
24257,62,3231
24258,84,8603
24259,41,-2187
24260,49,-125
24261,23,-6731
24262,70,5168
24263,92,10515
24264,90,10178
24265,80,7697
24266,65,3925
24267,60,2635
24268,39,-2727
24269,91,10477
24270,43,-1643
24271,18,-7874
24272,58,2182
24273,82,8155
24274,69,4796
24275,72,5604
24276,48,-475
24277,35,-3626
24278,60,2688
24279,15,-8599
24280,10,-9969
24281,97,11972
24282,95,11345
24283,93,10751
24284,36,-3296
24285,45,-1244
24286,61,2977
24287,76,6715
24288,79,7408
24289,5,-11229
24290,51,261
24291,81,7968
24292,52,570
24293,35,-3630
24294,45,-1009
24295,57,1787
24296,80,7693
24297,7,-10527
24298,30,-4941
24299,37,-3185
24300,99,12383
24301,92,10729
24302,92,10624
24303,90,10220
24304,88,9748
24305,33,-4232
24306,82,8181
24307,89,9988
24308,13,-9002
24309,56,1661
24310,96,11696
24311,85,8908
24312,96,11504
24313,87,9343
24314,35,-3738
24315,25,-6232
24316,10,-9867
24317,36,-3406
24318,19,-7609
24319,87,9327
24320,60,2733
24321,67,4487
24322,39,-2722
24323,62,3039
24324,75,6438
24325,25,-6032
24326,85,8874
24327,72,5557
24328,67,4268
24329,50,58
24330,46,-908
24331,37,-3169
24332,90,10052
24333,26,-5757
24334,66,4186
24335,61,2774
24336,30,-4785
24337,67,4455
24338,56,1620
24339,33,-4114
24340,99,12435
24341,11,-9677
24342,12,-9320
24343,56,1715
24344,5,-11005
24345,94,11194
24346,43,-1528
24347,70,5103
24348,24,-6327
24349,91,10432
24350,72,5674
24351,30,-4816
24352,67,4373
24353,1,-12202
24354,42,-1776
24355,62,3070
24356,33,-4110
24357,85,8987
24358,30,-4903
24359,60,2720
24360,67,4398
24361,25,-6194
24362,96,11517
24363,61,2905
24364,83,8459
24365,44,-1323
24366,52,605
24367,71,5331
24368,21,-7180
24369,14,-8947
24370,9,-10186
24371,88,9631
24372,30,-4925
24373,97,11758
24374,76,6699
24375,83,8361
24376,70,5025
24377,70,5216
24378,57,1861
24379,55,1351
24380,58,2156
24381,63,3445
24382,23,-6512
24383,93,10923
24384,39,-2655
24385,30,-4940
24386,83,8400
24387,16,-8500
24388,96,11658
24389,83,8337
24390,27,-5744
24391,47,-588
24392,79,7401
24393,10,-9866
24394,33,-4243
24395,96,11694
24396,92,10684
24397,3,-11626
24398,41,-2005
24399,29,-5135
24400,14,-8828
24401,6,-10911
24402,29,-5224
24403,22,-6919
24404,65,3996
24405,25,-6243
24406,32,-4339
24407,74,6005
24408,87,9425
24409,31,-4644
24410,99,12312
24411,16,-8420
24412,31,-4656
24413,72,5678
24414,97,11835
24415,45,-1048
24416,14,-8769
24417,97,11887
24418,57,1857
24419,47,-598
24420,92,10707
24421,67,4311
24422,21,-7077
24423,43,-1709
24424,0,-12481
24425,65,3759
24426,4,-11450
24427,96,11743
24428,19,-7571
24429,4,-11303
24430,6,-10864
24431,66,4083
24432,28,-5393
24433,88,9511
24434,88,9529
24435,87,9298
24436,57,1900
24437,86,9061
24438,18,-7756
24439,76,6648
24440,63,3299
24441,77,6815
24442,88,9609
24443,1,-12182
24444,48,-295
24445,31,-4591
24446,75,6478
24447,84,8739
24448,96,11680
24449,67,4375
24450,74,6042
24451,34,-3977
24452,42,-1779
24453,79,7439
24454,73,5924
24455,97,11862
24456,30,-4997
24457,58,2028
24458,45,-1096
24459,55,1425
24460,23,-6706
24461,58,2205
24462,20,-7405
24463,41,-2077
24464,73,5774
24465,68,4729
24466,30,-4980
24467,71,5437
24468,13,-9199
24469,87,9414
24470,16,-8378
24471,88,9542
24472,55,1258
24473,96,11649
24474,39,-2547
24475,86,9047
24476,98,12083
24477,88,9656
24478,76,6725
24479,94,11060
24480,65,3963
24481,88,9662
24482,18,-7823
24483,77,6887
24484,87,9316
24485,86,9007
24486,94,11205
24487,61,2887
24488,71,5484
24489,54,1166
24490,38,-2777
24491,90,10137
24492,20,-7355
24493,93,10767
24494,11,-9534
24495,51,471
24496,97,11784
24497,21,-7152
24498,83,8305
24499,8,-10334
24500,93,10844
24501,69,4950
24502,25,-6076
24503,97,11883
24504,18,-7924
24505,7,-10724
24506,52,526
24507,32,-4445
24508,66,4119
24509,19,-7629
24510,22,-6997
24511,86,9067
24512,64,3602
24513,72,5641
24514,26,-5885
24515,36,-3258
24516,58,2018
24517,64,3735
24518,22,-6822
24519,24,-6315
24520,14,-8878
24521,75,6494
24522,78,7124
24523,79,7421
24524,31,-4565
24525,0,-12482
24526,80,7739
24527,97,11914
24528,65,3828
24529,13,-9106
24530,55,1368
24531,11,-9645
24532,56,1693
24533,49,-67
24534,58,2098
24535,29,-5163
24536,14,-8785
24537,33,-4169
24538,70,5071
24539,37,-3073
24540,98,12025
24541,16,-8260
24542,55,1371
24543,80,7571
24544,85,8940
24545,35,-3710
24546,30,-4830
24547,56,1541
24548,64,3692
24549,36,-3361
24550,43,-1683
24551,89,9951
24552,33,-4001
24553,98,12226
24554,5,-11065
24555,95,11336
24556,53,996
24557,95,11252
24558,94,11148
24559,83,8489
24560,59,2318
24561,72,5515
24562,24,-6324
24563,77,6903
24564,11,-9533
24565,79,7411
24566,28,-5337
24567,87,9272
24568,39,-2510
24569,28,-5417
24570,59,2317
24571,88,9663
24572,57,1786
24573,62,3246
24574,11,-9644
24575,82,8053
24576,89,9920
24577,91,10284
24578,60,2707
24579,67,4372
24580,15,-8730
24581,69,4799
24582,43,-1717
24583,55,1480
24584,14,-8970
24585,69,4982
24586,43,-1635
24587,49,-49
24588,92,10510
24589,57,1781
24590,48,-335
24591,61,2771
24592,15,-8728
24593,98,12026
24594,47,-532
24595,90,10111
24596,80,7696
24597,70,5096
24598,84,8615
24599,84,8703
24600,56,1668
24601,44,-1270
24602,55,1366
24603,35,-3567
24604,99,12259
24605,82,8018
24606,25,-6009
24607,55,1477
24608,29,-5071
24609,35,-3679
24610,90,10126
24611,64,3569
24612,92,10657
24613,75,6419
24614,95,11312
24615,73,5759
24616,74,6244
24617,71,5423
24618,17,-8006
24619,76,6672
24620,31,-4666
24621,2,-11897
24622,29,-5078
24623,92,10571
24624,5,-11052
24625,77,6895
24626,35,-3572
24627,93,10887
24628,8,-10297
24629,21,-7061
24630,64,3691
24631,82,8247
24632,11,-9513
24633,52,639
24634,11,-9507
24635,24,-6356
24636,50,189
24637,5,-11038
24638,76,6555
24639,97,11771
24640,24,-6360
24641,14,-8954
24642,77,6756
24643,55,1299
24644,28,-5404
24645,82,8083
24646,12,-9285
24647,98,12113
24648,4,-11489
24649,38,-2825
24650,86,9156
24651,92,10649
24652,1,-12053
24653,68,4598
24654,65,3783
24655,48,-471
24656,28,-5392
24657,13,-9112
24658,21,-7001
24659,89,9880
24660,53,878
24661,72,5711
24662,44,-1262
24663,97,11969
24664,57,1882
24665,74,6051
24666,86,9011
24667,99,12252
24668,14,-8948
24669,35,-3701
24670,23,-6678
24671,89,9883
24672,57,1901
24673,64,3575
24674,82,8059
24675,23,-6589
24676,91,10279
24677,21,-7192
24678,54,1039
24679,94,11000
24680,96,11715
24681,72,5723
24682,63,3463
24683,56,1575
24684,92,10631
24685,90,10037
24686,56,1666
24687,18,-7771
24688,71,5372
24689,96,11555
24690,42,-1887
24691,76,6689
24692,77,6875
24693,79,7301
24694,83,8335
24695,71,5339
24696,51,297
24697,82,8058
24698,36,-3457
24699,90,10132
24700,48,-434
24701,69,4943
24702,62,3022
24703,68,4683
24704,33,-4021
24705,74,6013
24706,33,-4134
24707,86,9135
24708,43,-1681
24709,93,10937
24710,14,-8871
24711,49,-155
24712,14,-8884
24713,45,-1138
24714,54,1105
24715,41,-2223
24716,8,-10453
24717,56,1503
24718,75,6277
24719,81,7771
24720,7,-10738
24721,43,-1705
24722,5,-11062
24723,31,-4638
24724,83,8456
24725,78,7244
24726,17,-8080
24727,86,9170
24728,85,8901
24729,64,3749
24730,94,11225
24731,25,-6172
24732,9,-10248
24733,19,-7522
24734,34,-3870
24735,96,11587
24736,87,9461
24737,51,326
24738,79,7308
24739,25,-6198
24740,41,-2156
24741,74,6161
24742,74,6166
24743,72,5747
24744,20,-7364
24745,7,-10576
24746,85,8783
24747,87,9397
24748,19,-7734
24749,43,-1614
24750,19,-7546
24751,76,6723
24752,60,2542
24753,97,11767
24754,3,-11661
24755,34,-3833
24756,33,-4168
24757,93,10910
24758,83,8274
24759,44,-1348
24760,31,-4578
24761,0,-12383
24762,39,-2686
24763,56,1531
24764,32,-4275
24765,60,2547
24766,97,11768
24767,66,4043
24768,43,-1742
24769,97,11845
24770,65,3755
24771,34,-3839
24772,37,-3174
24773,69,4850
24774,95,11449
24775,79,7481
24776,62,3210
24777,77,6766
24778,66,4126
24779,56,1619
24780,41,-2222
24781,54,1020
24782,88,9696
24783,98,12011
24784,82,8145
24785,46,-978
24786,0,-12406
24787,17,-8054
24788,78,7155
24789,72,5739
24790,33,-4172
24791,80,7694
24792,17,-8047
24793,50,100
24794,48,-283
24795,74,6050
24796,17,-8040
24797,31,-4716
24798,38,-2802
24799,95,11431
24800,71,5440
24801,78,7141
24802,24,-6288
24803,74,6201
24804,82,8167
24805,54,1057
24806,97,11825
24807,81,7901
24808,97,11984
24809,52,625
24810,78,7134
24811,89,9862
24812,12,-9379
24813,89,9873
24814,6,-10777
24815,80,7659
24816,42,-1909
24817,20,-7279
24818,61,2755
24819,75,6377
24820,88,9695
24821,43,-1645
24822,73,5918
24823,31,-4625
24824,81,7874
24825,27,-5707
24826,27,-5531
24827,90,10053
24828,83,8370
24829,9,-10010
24830,2,-11811
24831,96,11659
24832,85,8941
24833,77,6978
24834,4,-11274
24835,97,11827
24836,91,10376
24837,59,2344
24838,35,-3566
24839,39,-2611
24840,93,10816
24841,80,7676
24842,21,-7199
24843,93,10982
24844,8,-10389
24845,32,-4375
24846,94,11177
24847,71,5321
24848,42,-1858
24849,94,11088
24850,84,8638
24851,1,-12117
24852,96,11629
24853,83,8457
24854,52,734
24855,54,1075
24856,58,2232
24857,98,12228
24858,49,-100
24859,43,-1533
24860,99,12489
24861,92,10579
24862,39,-2699
24863,89,9929
24864,4,-11347
24865,81,7799
24866,60,2536
24867,97,11853
24868,81,7950
24869,16,-8266
24870,80,7684
24871,94,11023
24872,70,5074
24873,12,-9293
24874,21,-7096
24875,93,10959
24876,68,4564
24877,7,-10528
24878,86,9174
24879,97,11891
24880,2,-11757
24881,22,-6799
24882,45,-1245
24883,27,-5506
24884,11,-9541
24885,10,-9796
24886,17,-8116
24887,77,6926
24888,2,-11849
24889,94,11241
24890,96,11599
24891,75,6465
24892,57,1843
24893,40,-2315
24894,78,7151
24895,91,10308
24896,98,12112
24897,13,-9085
24898,91,10433
24899,84,8669
24900,10,-9927
24901,29,-5146
24902,53,887
24903,7,-10562
24904,64,3630
24905,78,7100
24906,51,404
24907,91,10435
24908,81,7948
24909,99,12357
24910,64,3727
24911,83,8331
24912,83,8384
24913,14,-8813
24914,78,7157
24915,48,-407
24916,21,-7148
24917,51,305
24918,22,-6871
24919,98,12125
24920,70,5212
24921,85,8925
24922,85,8927
24923,93,10803
24924,73,5927
24925,36,-3399
24926,76,6688
24927,96,11601
24928,99,12429
24929,31,-4706
24930,17,-8050
24931,12,-9480
24932,39,-2654
24933,66,4079
24934,72,5543
24935,59,2412
24936,99,12405
24937,86,9182
24938,33,-4240
24939,32,-4264
24940,96,11669
24941,10,-9767
24942,25,-6111
24943,25,-6071
24944,82,8217
24945,60,2612
24946,36,-3262
24947,88,9565
24948,15,-8613
24949,60,2649
24950,17,-8090
24951,62,3027
24952,5,-11042
24953,64,3516
24954,13,-9036
24955,82,8212
24956,82,8240
24957,64,3552
24958,55,1304
24959,99,12289
24960,40,-2304
24961,83,8377
24962,89,9935
24963,94,11170
24964,55,1328
24965,7,-10742
24966,60,2626
24967,69,4991
24968,33,-4227
24969,50,161
24970,38,-2830
24971,92,10709
24972,51,290
24973,66,4013
24974,69,4826
24975,58,2006
24976,32,-4427
24977,73,5782
24978,12,-9438
24979,74,6077
24980,25,-6138
24981,85,8982
24982,67,4443
24983,59,2254
24984,8,-10443
24985,51,468
24986,2,-11791
24987,52,705
24988,26,-5832
24989,79,7368
24990,7,-10716
24991,66,4163
24992,8,-10342
24993,62,3058
24994,79,7437
24995,81,7930
24996,60,2632
24997,68,4523
24998,81,7899
24999,58,2113
